(kicad_pcb (version 20171130) (host pcbnew "(5.0.0)")

  (general
    (thickness 1.6)
    (drawings 0)
    (tracks 0)
    (zones 0)
    (modules 58)
    (nets 149)
  )

  (page A4)
  (layers
    (0 F.Cu signal)
    (31 B.Cu signal)
    (32 B.Adhes user)
    (33 F.Adhes user)
    (34 B.Paste user)
    (35 F.Paste user)
    (36 B.SilkS user)
    (37 F.SilkS user)
    (38 B.Mask user)
    (39 F.Mask user)
    (40 Dwgs.User user)
    (41 Cmts.User user)
    (42 Eco1.User user)
    (43 Eco2.User user)
    (44 Edge.Cuts user)
    (45 Margin user)
    (46 B.CrtYd user)
    (47 F.CrtYd user)
    (48 B.Fab user)
    (49 F.Fab user)
  )

  (setup
    (last_trace_width 0.25)
    (trace_clearance 0.2)
    (zone_clearance 0.508)
    (zone_45_only no)
    (trace_min 0.2)
    (segment_width 0.2)
    (edge_width 0.15)
    (via_size 0.8)
    (via_drill 0.4)
    (via_min_size 0.4)
    (via_min_drill 0.3)
    (uvia_size 0.3)
    (uvia_drill 0.1)
    (uvias_allowed no)
    (uvia_min_size 0.2)
    (uvia_min_drill 0.1)
    (pcb_text_width 0.3)
    (pcb_text_size 1.5 1.5)
    (mod_edge_width 0.15)
    (mod_text_size 1 1)
    (mod_text_width 0.15)
    (pad_size 1.524 1.524)
    (pad_drill 0.762)
    (pad_to_mask_clearance 0.2)
    (aux_axis_origin 0 0)
    (visible_elements FFFFFF7F)
    (pcbplotparams
      (layerselection 0x010fc_ffffffff)
      (usegerberextensions false)
      (usegerberattributes false)
      (usegerberadvancedattributes false)
      (creategerberjobfile false)
      (excludeedgelayer true)
      (linewidth 0.100000)
      (plotframeref false)
      (viasonmask false)
      (mode 1)
      (useauxorigin false)
      (hpglpennumber 1)
      (hpglpenspeed 20)
      (hpglpendiameter 15.000000)
      (psnegative false)
      (psa4output false)
      (plotreference true)
      (plotvalue true)
      (plotinvisibletext false)
      (padsonsilk false)
      (subtractmaskfromsilk false)
      (outputformat 1)
      (mirror false)
      (drillshape 1)
      (scaleselection 1)
      (outputdirectory ""))
  )

  (net 0 "")
  (net 1 "Net-(R9-Pad1)")
  (net 2 IN_A4)
  (net 3 GND)
  (net 4 LS_7)
  (net 5 "Net-(R11-Pad1)")
  (net 6 MOTOR3_PWM)
  (net 7 MOTOR1_PWM)
  (net 8 "Net-(R1-Pad1)")
  (net 9 "Net-(R2-Pad1)")
  (net 10 IN_B1)
  (net 11 IN_A1)
  (net 12 "Net-(R3-Pad1)")
  (net 13 "Net-(R4-Pad1)")
  (net 14 IN_A2)
  (net 15 MOTO2_PWM)
  (net 16 "Net-(R5-Pad1)")
  (net 17 "Net-(R6-Pad1)")
  (net 18 IN_B2)
  (net 19 MOTOR4_PWM)
  (net 20 "Net-(R7-Pad1)")
  (net 21 LS_2)
  (net 22 IN_B3)
  (net 23 "Net-(R12-Pad1)")
  (net 24 "Net-(R13-Pad1)")
  (net 25 IN_A3)
  (net 26 LS_1)
  (net 27 LS_3)
  (net 28 LS_5)
  (net 29 LS_4)
  (net 30 LS_6)
  (net 31 LS_8)
  (net 32 Logic_3.3V)
  (net 33 "Net-(D1-Pad2)")
  (net 34 "Net-(R10-Pad1)")
  (net 35 "Net-(U3-PadPM6)")
  (net 36 "Net-(U3-PadPQ1)")
  (net 37 "Net-(U3-PadPQ2)")
  (net 38 "Net-(U3-PadPK0)")
  (net 39 "Net-(U3-PadPQ3)")
  (net 40 "Net-(U3-PadPP3)")
  (net 41 "Net-(U3-PadPQ0)")
  (net 42 "Net-(U3-PadPA4)")
  (net 43 "Net-(U3-PadRese)")
  (net 44 "Net-(U3-PadPA7)")
  (net 45 "Net-(U3-PadPN5)")
  (net 46 "Net-(U3-PadPK2)")
  (net 47 "Net-(U3-PadPK1)")
  (net 48 "Net-(U3-Pad+5V)")
  (net 49 "Net-(U3-PadPB4)")
  (net 50 "Net-(U3-PadPB5)")
  (net 51 "Net-(U3-PadPK3)")
  (net 52 "Net-(U3-PadPA5)")
  (net 53 "Net-(U3-PadPD2)")
  (net 54 "Net-(U3-PadPP0)")
  (net 55 "Net-(U3-PadPP1)")
  (net 56 Encoder3_PWM)
  (net 57 Encoder4_PWM)
  (net 58 "Net-(U3-PadPP4)")
  (net 59 "Net-(U3-PadPN4)")
  (net 60 "Net-(U3-PadPG1)")
  (net 61 "Net-(U3-PadPK4)")
  (net 62 "Net-(U3-PadPK5)")
  (net 63 "Net-(U3-PadPM0)")
  (net 64 "Net-(U3-PadPM1)")
  (net 65 "Net-(U3-PadPM2)")
  (net 66 "Net-(U3-PadPH0)")
  (net 67 "Net-(U3-PadPH1)")
  (net 68 "Net-(U3-PadPK6)")
  (net 69 "Net-(U3-PadPK7)")
  (net 70 "Net-(U3-PadPM7)")
  (net 71 "Net-(U3-PadPP5)")
  (net 72 "Net-(U3-PadPD7)")
  (net 73 "Net-(U3-PadPA6)")
  (net 74 "Net-(U3-PadPM4)")
  (net 75 "Net-(U3-PadPM5)")
  (net 76 RX_1_Tiva)
  (net 77 TX_1_Tiva)
  (net 78 "Net-(U3-PadPD3)")
  (net 79 "Net-(U3-PadPB2)")
  (net 80 "Net-(U3-PadPB3)")
  (net 81 MOTOR2_PWM)
  (net 82 Encoder1_PWM)
  (net 83 Encoder2_PWM)
  (net 84 "Net-(U3-PadPM3)")
  (net 85 "Net-(U3-PadPD1)")
  (net 86 "Net-(U3-PadPD0)")
  (net 87 "Net-(U3-PadPP2)")
  (net 88 "Net-(C10-Pad1)")
  (net 89 "Net-(C1-Pad1)")
  (net 90 "Net-(C10-Pad2)")
  (net 91 "Net-(C11-Pad1)")
  (net 92 "Net-(C11-Pad2)")
  (net 93 "Net-(C2-Pad1)")
  (net 94 "Net-(U15-Pad7)")
  (net 95 "Net-(U15-Pad8)")
  (net 96 "Net-(U15-Pad9)")
  (net 97 "Net-(U15-Pad10)")
  (net 98 RX_1_SL)
  (net 99 TX_1_SL)
  (net 100 +12V)
  (net 101 "Net-(Conn1-Pad3)")
  (net 102 "Net-(U1-Pad2)")
  (net 103 VCC_12V)
  (net 104 "Net-(U1-Pad8)")
  (net 105 "Net-(U1-Pad11)")
  (net 106 "Net-(U1-Pad14)")
  (net 107 "Net-(Conn1-Pad1)")
  (net 108 "Net-(U1-Pad17)")
  (net 109 "Net-(U1-Pad22)")
  (net 110 "Net-(U1-Pad24)")
  (net 111 "Net-(U1-Pad29)")
  (net 112 "Net-(Conn2-Pad1)")
  (net 113 "Net-(Conn2-Pad3)")
  (net 114 "Net-(U2-Pad29)")
  (net 115 "Net-(U2-Pad24)")
  (net 116 "Net-(U2-Pad22)")
  (net 117 "Net-(U2-Pad17)")
  (net 118 "Net-(U2-Pad14)")
  (net 119 "Net-(U2-Pad11)")
  (net 120 "Net-(U2-Pad8)")
  (net 121 "Net-(U2-Pad2)")
  (net 122 "Net-(Conn4-Pad3)")
  (net 123 "Net-(U5-Pad2)")
  (net 124 "Net-(U5-Pad8)")
  (net 125 "Net-(U5-Pad11)")
  (net 126 "Net-(U5-Pad14)")
  (net 127 "Net-(Conn4-Pad1)")
  (net 128 "Net-(U5-Pad17)")
  (net 129 "Net-(U5-Pad22)")
  (net 130 "Net-(U5-Pad24)")
  (net 131 "Net-(U5-Pad29)")
  (net 132 "Net-(Conn3-Pad1)")
  (net 133 "Net-(Conn3-Pad3)")
  (net 134 "Net-(U6-Pad29)")
  (net 135 "Net-(U6-Pad24)")
  (net 136 "Net-(U6-Pad22)")
  (net 137 "Net-(U6-Pad17)")
  (net 138 "Net-(U6-Pad14)")
  (net 139 "Net-(U6-Pad11)")
  (net 140 "Net-(U6-Pad8)")
  (net 141 "Net-(U6-Pad6)")
  (net 142 "Net-(U6-Pad5)")
  (net 143 "Net-(U6-Pad2)")
  (net 144 "Net-(C4-Pad1)")
  (net 145 "Net-(Conn5-Pad1)")
  (net 146 "Net-(Conn5-Pad2)")
  (net 147 LOGIC_3.3V)
  (net 148 "Net-(U9-Pad1)")

  (net_class Default "This is the default net class."
    (clearance 0.2)
    (trace_width 0.25)
    (via_dia 0.8)
    (via_drill 0.4)
    (uvia_dia 0.3)
    (uvia_drill 0.1)
    (add_net +12V)
    (add_net Encoder1_PWM)
    (add_net Encoder2_PWM)
    (add_net Encoder3_PWM)
    (add_net Encoder4_PWM)
    (add_net GND)
    (add_net IN_A1)
    (add_net IN_A2)
    (add_net IN_A3)
    (add_net IN_A4)
    (add_net IN_B1)
    (add_net IN_B2)
    (add_net IN_B3)
    (add_net LOGIC_3.3V)
    (add_net LS_1)
    (add_net LS_2)
    (add_net LS_3)
    (add_net LS_4)
    (add_net LS_5)
    (add_net LS_6)
    (add_net LS_7)
    (add_net LS_8)
    (add_net Logic_3.3V)
    (add_net MOTO2_PWM)
    (add_net MOTOR1_PWM)
    (add_net MOTOR2_PWM)
    (add_net MOTOR3_PWM)
    (add_net MOTOR4_PWM)
    (add_net "Net-(C1-Pad1)")
    (add_net "Net-(C10-Pad1)")
    (add_net "Net-(C10-Pad2)")
    (add_net "Net-(C11-Pad1)")
    (add_net "Net-(C11-Pad2)")
    (add_net "Net-(C2-Pad1)")
    (add_net "Net-(C4-Pad1)")
    (add_net "Net-(Conn1-Pad1)")
    (add_net "Net-(Conn1-Pad3)")
    (add_net "Net-(Conn2-Pad1)")
    (add_net "Net-(Conn2-Pad3)")
    (add_net "Net-(Conn3-Pad1)")
    (add_net "Net-(Conn3-Pad3)")
    (add_net "Net-(Conn4-Pad1)")
    (add_net "Net-(Conn4-Pad3)")
    (add_net "Net-(Conn5-Pad1)")
    (add_net "Net-(Conn5-Pad2)")
    (add_net "Net-(D1-Pad2)")
    (add_net "Net-(R1-Pad1)")
    (add_net "Net-(R10-Pad1)")
    (add_net "Net-(R11-Pad1)")
    (add_net "Net-(R12-Pad1)")
    (add_net "Net-(R13-Pad1)")
    (add_net "Net-(R2-Pad1)")
    (add_net "Net-(R3-Pad1)")
    (add_net "Net-(R4-Pad1)")
    (add_net "Net-(R5-Pad1)")
    (add_net "Net-(R6-Pad1)")
    (add_net "Net-(R7-Pad1)")
    (add_net "Net-(R9-Pad1)")
    (add_net "Net-(U1-Pad11)")
    (add_net "Net-(U1-Pad14)")
    (add_net "Net-(U1-Pad17)")
    (add_net "Net-(U1-Pad2)")
    (add_net "Net-(U1-Pad22)")
    (add_net "Net-(U1-Pad24)")
    (add_net "Net-(U1-Pad29)")
    (add_net "Net-(U1-Pad8)")
    (add_net "Net-(U15-Pad10)")
    (add_net "Net-(U15-Pad7)")
    (add_net "Net-(U15-Pad8)")
    (add_net "Net-(U15-Pad9)")
    (add_net "Net-(U2-Pad11)")
    (add_net "Net-(U2-Pad14)")
    (add_net "Net-(U2-Pad17)")
    (add_net "Net-(U2-Pad2)")
    (add_net "Net-(U2-Pad22)")
    (add_net "Net-(U2-Pad24)")
    (add_net "Net-(U2-Pad29)")
    (add_net "Net-(U2-Pad8)")
    (add_net "Net-(U3-Pad+5V)")
    (add_net "Net-(U3-PadPA4)")
    (add_net "Net-(U3-PadPA5)")
    (add_net "Net-(U3-PadPA6)")
    (add_net "Net-(U3-PadPA7)")
    (add_net "Net-(U3-PadPB2)")
    (add_net "Net-(U3-PadPB3)")
    (add_net "Net-(U3-PadPB4)")
    (add_net "Net-(U3-PadPB5)")
    (add_net "Net-(U3-PadPD0)")
    (add_net "Net-(U3-PadPD1)")
    (add_net "Net-(U3-PadPD2)")
    (add_net "Net-(U3-PadPD3)")
    (add_net "Net-(U3-PadPD7)")
    (add_net "Net-(U3-PadPG1)")
    (add_net "Net-(U3-PadPH0)")
    (add_net "Net-(U3-PadPH1)")
    (add_net "Net-(U3-PadPK0)")
    (add_net "Net-(U3-PadPK1)")
    (add_net "Net-(U3-PadPK2)")
    (add_net "Net-(U3-PadPK3)")
    (add_net "Net-(U3-PadPK4)")
    (add_net "Net-(U3-PadPK5)")
    (add_net "Net-(U3-PadPK6)")
    (add_net "Net-(U3-PadPK7)")
    (add_net "Net-(U3-PadPM0)")
    (add_net "Net-(U3-PadPM1)")
    (add_net "Net-(U3-PadPM2)")
    (add_net "Net-(U3-PadPM3)")
    (add_net "Net-(U3-PadPM4)")
    (add_net "Net-(U3-PadPM5)")
    (add_net "Net-(U3-PadPM6)")
    (add_net "Net-(U3-PadPM7)")
    (add_net "Net-(U3-PadPN4)")
    (add_net "Net-(U3-PadPN5)")
    (add_net "Net-(U3-PadPP0)")
    (add_net "Net-(U3-PadPP1)")
    (add_net "Net-(U3-PadPP2)")
    (add_net "Net-(U3-PadPP3)")
    (add_net "Net-(U3-PadPP4)")
    (add_net "Net-(U3-PadPP5)")
    (add_net "Net-(U3-PadPQ0)")
    (add_net "Net-(U3-PadPQ1)")
    (add_net "Net-(U3-PadPQ2)")
    (add_net "Net-(U3-PadPQ3)")
    (add_net "Net-(U3-PadRese)")
    (add_net "Net-(U5-Pad11)")
    (add_net "Net-(U5-Pad14)")
    (add_net "Net-(U5-Pad17)")
    (add_net "Net-(U5-Pad2)")
    (add_net "Net-(U5-Pad22)")
    (add_net "Net-(U5-Pad24)")
    (add_net "Net-(U5-Pad29)")
    (add_net "Net-(U5-Pad8)")
    (add_net "Net-(U6-Pad11)")
    (add_net "Net-(U6-Pad14)")
    (add_net "Net-(U6-Pad17)")
    (add_net "Net-(U6-Pad2)")
    (add_net "Net-(U6-Pad22)")
    (add_net "Net-(U6-Pad24)")
    (add_net "Net-(U6-Pad29)")
    (add_net "Net-(U6-Pad5)")
    (add_net "Net-(U6-Pad6)")
    (add_net "Net-(U6-Pad8)")
    (add_net "Net-(U9-Pad1)")
    (add_net RX_1_SL)
    (add_net RX_1_Tiva)
    (add_net TX_1_SL)
    (add_net TX_1_Tiva)
    (add_net VCC_12V)
  )

  (module Capacitor_SMD:C_0603_1608Metric_Pad1.05x0.95mm_HandSolder (layer F.Cu) (tedit 5B301BBE) (tstamp 5C2EB130)
    (at 73.701001 150.130001)
    (descr "Capacitor SMD 0603 (1608 Metric), square (rectangular) end terminal, IPC_7351 nominal with elongated pad for handsoldering. (Body size source: http://www.tortai-tech.com/upload/download/2011102023233369053.pdf), generated with kicad-footprint-generator")
    (tags "capacitor handsolder")
    (path /5CAD4E6B)
    (attr smd)
    (fp_text reference C1 (at 0 -1.43) (layer F.SilkS)
      (effects (font (size 1 1) (thickness 0.15)))
    )
    (fp_text value .1uF (at 0 1.43) (layer F.Fab)
      (effects (font (size 1 1) (thickness 0.15)))
    )
    (fp_line (start -0.8 0.4) (end -0.8 -0.4) (layer F.Fab) (width 0.1))
    (fp_line (start -0.8 -0.4) (end 0.8 -0.4) (layer F.Fab) (width 0.1))
    (fp_line (start 0.8 -0.4) (end 0.8 0.4) (layer F.Fab) (width 0.1))
    (fp_line (start 0.8 0.4) (end -0.8 0.4) (layer F.Fab) (width 0.1))
    (fp_line (start -0.171267 -0.51) (end 0.171267 -0.51) (layer F.SilkS) (width 0.12))
    (fp_line (start -0.171267 0.51) (end 0.171267 0.51) (layer F.SilkS) (width 0.12))
    (fp_line (start -1.65 0.73) (end -1.65 -0.73) (layer F.CrtYd) (width 0.05))
    (fp_line (start -1.65 -0.73) (end 1.65 -0.73) (layer F.CrtYd) (width 0.05))
    (fp_line (start 1.65 -0.73) (end 1.65 0.73) (layer F.CrtYd) (width 0.05))
    (fp_line (start 1.65 0.73) (end -1.65 0.73) (layer F.CrtYd) (width 0.05))
    (fp_text user %R (at 0 0) (layer F.Fab)
      (effects (font (size 0.4 0.4) (thickness 0.06)))
    )
    (pad 1 smd roundrect (at -0.875 0) (size 1.05 0.95) (layers F.Cu F.Paste F.Mask) (roundrect_rratio 0.25)
      (net 89 "Net-(C1-Pad1)"))
    (pad 2 smd roundrect (at 0.875 0) (size 1.05 0.95) (layers F.Cu F.Paste F.Mask) (roundrect_rratio 0.25)
      (net 3 GND))
    (model ${KISYS3DMOD}/Capacitor_SMD.3dshapes/C_0603_1608Metric.wrl
      (at (xyz 0 0 0))
      (scale (xyz 1 1 1))
      (rotate (xyz 0 0 0))
    )
  )

  (module Capacitor_SMD:C_0603_1608Metric_Pad1.05x0.95mm_HandSolder (layer F.Cu) (tedit 5B301BBE) (tstamp 5C2EB11F)
    (at 120.601001 148.620001)
    (descr "Capacitor SMD 0603 (1608 Metric), square (rectangular) end terminal, IPC_7351 nominal with elongated pad for handsoldering. (Body size source: http://www.tortai-tech.com/upload/download/2011102023233369053.pdf), generated with kicad-footprint-generator")
    (tags "capacitor handsolder")
    (path /5CAD5071)
    (attr smd)
    (fp_text reference C2 (at 0 -1.43) (layer F.SilkS)
      (effects (font (size 1 1) (thickness 0.15)))
    )
    (fp_text value .1uF (at 0 1.43) (layer F.Fab)
      (effects (font (size 1 1) (thickness 0.15)))
    )
    (fp_text user %R (at 0 0) (layer F.Fab)
      (effects (font (size 0.4 0.4) (thickness 0.06)))
    )
    (fp_line (start 1.65 0.73) (end -1.65 0.73) (layer F.CrtYd) (width 0.05))
    (fp_line (start 1.65 -0.73) (end 1.65 0.73) (layer F.CrtYd) (width 0.05))
    (fp_line (start -1.65 -0.73) (end 1.65 -0.73) (layer F.CrtYd) (width 0.05))
    (fp_line (start -1.65 0.73) (end -1.65 -0.73) (layer F.CrtYd) (width 0.05))
    (fp_line (start -0.171267 0.51) (end 0.171267 0.51) (layer F.SilkS) (width 0.12))
    (fp_line (start -0.171267 -0.51) (end 0.171267 -0.51) (layer F.SilkS) (width 0.12))
    (fp_line (start 0.8 0.4) (end -0.8 0.4) (layer F.Fab) (width 0.1))
    (fp_line (start 0.8 -0.4) (end 0.8 0.4) (layer F.Fab) (width 0.1))
    (fp_line (start -0.8 -0.4) (end 0.8 -0.4) (layer F.Fab) (width 0.1))
    (fp_line (start -0.8 0.4) (end -0.8 -0.4) (layer F.Fab) (width 0.1))
    (pad 2 smd roundrect (at 0.875 0) (size 1.05 0.95) (layers F.Cu F.Paste F.Mask) (roundrect_rratio 0.25)
      (net 3 GND))
    (pad 1 smd roundrect (at -0.875 0) (size 1.05 0.95) (layers F.Cu F.Paste F.Mask) (roundrect_rratio 0.25)
      (net 93 "Net-(C2-Pad1)"))
    (model ${KISYS3DMOD}/Capacitor_SMD.3dshapes/C_0603_1608Metric.wrl
      (at (xyz 0 0 0))
      (scale (xyz 1 1 1))
      (rotate (xyz 0 0 0))
    )
  )

  (module Capacitor_SMD:C_0603_1608Metric_Pad1.05x0.95mm_HandSolder (layer F.Cu) (tedit 5B301BBE) (tstamp 5C2EB10E)
    (at 117.251001 148.620001)
    (descr "Capacitor SMD 0603 (1608 Metric), square (rectangular) end terminal, IPC_7351 nominal with elongated pad for handsoldering. (Body size source: http://www.tortai-tech.com/upload/download/2011102023233369053.pdf), generated with kicad-footprint-generator")
    (tags "capacitor handsolder")
    (path /5BCA6E15)
    (attr smd)
    (fp_text reference C3 (at 0 -1.43) (layer F.SilkS)
      (effects (font (size 1 1) (thickness 0.15)))
    )
    (fp_text value .1u (at 0 1.43) (layer F.Fab)
      (effects (font (size 1 1) (thickness 0.15)))
    )
    (fp_line (start -0.8 0.4) (end -0.8 -0.4) (layer F.Fab) (width 0.1))
    (fp_line (start -0.8 -0.4) (end 0.8 -0.4) (layer F.Fab) (width 0.1))
    (fp_line (start 0.8 -0.4) (end 0.8 0.4) (layer F.Fab) (width 0.1))
    (fp_line (start 0.8 0.4) (end -0.8 0.4) (layer F.Fab) (width 0.1))
    (fp_line (start -0.171267 -0.51) (end 0.171267 -0.51) (layer F.SilkS) (width 0.12))
    (fp_line (start -0.171267 0.51) (end 0.171267 0.51) (layer F.SilkS) (width 0.12))
    (fp_line (start -1.65 0.73) (end -1.65 -0.73) (layer F.CrtYd) (width 0.05))
    (fp_line (start -1.65 -0.73) (end 1.65 -0.73) (layer F.CrtYd) (width 0.05))
    (fp_line (start 1.65 -0.73) (end 1.65 0.73) (layer F.CrtYd) (width 0.05))
    (fp_line (start 1.65 0.73) (end -1.65 0.73) (layer F.CrtYd) (width 0.05))
    (fp_text user %R (at 0 0) (layer F.Fab)
      (effects (font (size 0.4 0.4) (thickness 0.06)))
    )
    (pad 1 smd roundrect (at -0.875 0) (size 1.05 0.95) (layers F.Cu F.Paste F.Mask) (roundrect_rratio 0.25)
      (net 103 VCC_12V))
    (pad 2 smd roundrect (at 0.875 0) (size 1.05 0.95) (layers F.Cu F.Paste F.Mask) (roundrect_rratio 0.25)
      (net 3 GND))
    (model ${KISYS3DMOD}/Capacitor_SMD.3dshapes/C_0603_1608Metric.wrl
      (at (xyz 0 0 0))
      (scale (xyz 1 1 1))
      (rotate (xyz 0 0 0))
    )
  )

  (module Capacitor_SMD:C_0603_1608Metric_Pad1.05x0.95mm_HandSolder (layer F.Cu) (tedit 5B301BBE) (tstamp 5C2EB0FD)
    (at 113.901001 148.620001)
    (descr "Capacitor SMD 0603 (1608 Metric), square (rectangular) end terminal, IPC_7351 nominal with elongated pad for handsoldering. (Body size source: http://www.tortai-tech.com/upload/download/2011102023233369053.pdf), generated with kicad-footprint-generator")
    (tags "capacitor handsolder")
    (path /5BCA7B9A)
    (attr smd)
    (fp_text reference C4 (at 0 -1.43) (layer F.SilkS)
      (effects (font (size 1 1) (thickness 0.15)))
    )
    (fp_text value 10u (at 0 1.43) (layer F.Fab)
      (effects (font (size 1 1) (thickness 0.15)))
    )
    (fp_text user %R (at 0 0) (layer F.Fab)
      (effects (font (size 0.4 0.4) (thickness 0.06)))
    )
    (fp_line (start 1.65 0.73) (end -1.65 0.73) (layer F.CrtYd) (width 0.05))
    (fp_line (start 1.65 -0.73) (end 1.65 0.73) (layer F.CrtYd) (width 0.05))
    (fp_line (start -1.65 -0.73) (end 1.65 -0.73) (layer F.CrtYd) (width 0.05))
    (fp_line (start -1.65 0.73) (end -1.65 -0.73) (layer F.CrtYd) (width 0.05))
    (fp_line (start -0.171267 0.51) (end 0.171267 0.51) (layer F.SilkS) (width 0.12))
    (fp_line (start -0.171267 -0.51) (end 0.171267 -0.51) (layer F.SilkS) (width 0.12))
    (fp_line (start 0.8 0.4) (end -0.8 0.4) (layer F.Fab) (width 0.1))
    (fp_line (start 0.8 -0.4) (end 0.8 0.4) (layer F.Fab) (width 0.1))
    (fp_line (start -0.8 -0.4) (end 0.8 -0.4) (layer F.Fab) (width 0.1))
    (fp_line (start -0.8 0.4) (end -0.8 -0.4) (layer F.Fab) (width 0.1))
    (pad 2 smd roundrect (at 0.875 0) (size 1.05 0.95) (layers F.Cu F.Paste F.Mask) (roundrect_rratio 0.25)
      (net 3 GND))
    (pad 1 smd roundrect (at -0.875 0) (size 1.05 0.95) (layers F.Cu F.Paste F.Mask) (roundrect_rratio 0.25)
      (net 144 "Net-(C4-Pad1)"))
    (model ${KISYS3DMOD}/Capacitor_SMD.3dshapes/C_0603_1608Metric.wrl
      (at (xyz 0 0 0))
      (scale (xyz 1 1 1))
      (rotate (xyz 0 0 0))
    )
  )

  (module Capacitor_SMD:C_0603_1608Metric_Pad1.05x0.95mm_HandSolder (layer F.Cu) (tedit 5B301BBE) (tstamp 5C2EB0EC)
    (at 90.451001 150.130001)
    (descr "Capacitor SMD 0603 (1608 Metric), square (rectangular) end terminal, IPC_7351 nominal with elongated pad for handsoldering. (Body size source: http://www.tortai-tech.com/upload/download/2011102023233369053.pdf), generated with kicad-footprint-generator")
    (tags "capacitor handsolder")
    (path /5BCA7C2A)
    (attr smd)
    (fp_text reference C5 (at 0 -1.43) (layer F.SilkS)
      (effects (font (size 1 1) (thickness 0.15)))
    )
    (fp_text value 10u (at 0 1.43) (layer F.Fab)
      (effects (font (size 1 1) (thickness 0.15)))
    )
    (fp_line (start -0.8 0.4) (end -0.8 -0.4) (layer F.Fab) (width 0.1))
    (fp_line (start -0.8 -0.4) (end 0.8 -0.4) (layer F.Fab) (width 0.1))
    (fp_line (start 0.8 -0.4) (end 0.8 0.4) (layer F.Fab) (width 0.1))
    (fp_line (start 0.8 0.4) (end -0.8 0.4) (layer F.Fab) (width 0.1))
    (fp_line (start -0.171267 -0.51) (end 0.171267 -0.51) (layer F.SilkS) (width 0.12))
    (fp_line (start -0.171267 0.51) (end 0.171267 0.51) (layer F.SilkS) (width 0.12))
    (fp_line (start -1.65 0.73) (end -1.65 -0.73) (layer F.CrtYd) (width 0.05))
    (fp_line (start -1.65 -0.73) (end 1.65 -0.73) (layer F.CrtYd) (width 0.05))
    (fp_line (start 1.65 -0.73) (end 1.65 0.73) (layer F.CrtYd) (width 0.05))
    (fp_line (start 1.65 0.73) (end -1.65 0.73) (layer F.CrtYd) (width 0.05))
    (fp_text user %R (at 0 0) (layer F.Fab)
      (effects (font (size 0.4 0.4) (thickness 0.06)))
    )
    (pad 1 smd roundrect (at -0.875 0) (size 1.05 0.95) (layers F.Cu F.Paste F.Mask) (roundrect_rratio 0.25)
      (net 3 GND))
    (pad 2 smd roundrect (at 0.875 0) (size 1.05 0.95) (layers F.Cu F.Paste F.Mask) (roundrect_rratio 0.25)
      (net 32 Logic_3.3V))
    (model ${KISYS3DMOD}/Capacitor_SMD.3dshapes/C_0603_1608Metric.wrl
      (at (xyz 0 0 0))
      (scale (xyz 1 1 1))
      (rotate (xyz 0 0 0))
    )
  )

  (module Capacitor_SMD:C_0603_1608Metric_Pad1.05x0.95mm_HandSolder (layer F.Cu) (tedit 5B301BBE) (tstamp 5C2EB0DB)
    (at 90.451001 148.620001)
    (descr "Capacitor SMD 0603 (1608 Metric), square (rectangular) end terminal, IPC_7351 nominal with elongated pad for handsoldering. (Body size source: http://www.tortai-tech.com/upload/download/2011102023233369053.pdf), generated with kicad-footprint-generator")
    (tags "capacitor handsolder")
    (path /5BCA6E9A)
    (attr smd)
    (fp_text reference C6 (at 0 -1.43) (layer F.SilkS)
      (effects (font (size 1 1) (thickness 0.15)))
    )
    (fp_text value 10u (at 0 1.43) (layer F.Fab)
      (effects (font (size 1 1) (thickness 0.15)))
    )
    (fp_text user %R (at 0 0) (layer F.Fab)
      (effects (font (size 0.4 0.4) (thickness 0.06)))
    )
    (fp_line (start 1.65 0.73) (end -1.65 0.73) (layer F.CrtYd) (width 0.05))
    (fp_line (start 1.65 -0.73) (end 1.65 0.73) (layer F.CrtYd) (width 0.05))
    (fp_line (start -1.65 -0.73) (end 1.65 -0.73) (layer F.CrtYd) (width 0.05))
    (fp_line (start -1.65 0.73) (end -1.65 -0.73) (layer F.CrtYd) (width 0.05))
    (fp_line (start -0.171267 0.51) (end 0.171267 0.51) (layer F.SilkS) (width 0.12))
    (fp_line (start -0.171267 -0.51) (end 0.171267 -0.51) (layer F.SilkS) (width 0.12))
    (fp_line (start 0.8 0.4) (end -0.8 0.4) (layer F.Fab) (width 0.1))
    (fp_line (start 0.8 -0.4) (end 0.8 0.4) (layer F.Fab) (width 0.1))
    (fp_line (start -0.8 -0.4) (end 0.8 -0.4) (layer F.Fab) (width 0.1))
    (fp_line (start -0.8 0.4) (end -0.8 -0.4) (layer F.Fab) (width 0.1))
    (pad 2 smd roundrect (at 0.875 0) (size 1.05 0.95) (layers F.Cu F.Paste F.Mask) (roundrect_rratio 0.25)
      (net 3 GND))
    (pad 1 smd roundrect (at -0.875 0) (size 1.05 0.95) (layers F.Cu F.Paste F.Mask) (roundrect_rratio 0.25)
      (net 103 VCC_12V))
    (model ${KISYS3DMOD}/Capacitor_SMD.3dshapes/C_0603_1608Metric.wrl
      (at (xyz 0 0 0))
      (scale (xyz 1 1 1))
      (rotate (xyz 0 0 0))
    )
  )

  (module Capacitor_SMD:C_0603_1608Metric_Pad1.05x0.95mm_HandSolder (layer F.Cu) (tedit 5B301BBE) (tstamp 5C2EB0CA)
    (at 93.801001 148.620001)
    (descr "Capacitor SMD 0603 (1608 Metric), square (rectangular) end terminal, IPC_7351 nominal with elongated pad for handsoldering. (Body size source: http://www.tortai-tech.com/upload/download/2011102023233369053.pdf), generated with kicad-footprint-generator")
    (tags "capacitor handsolder")
    (path /5CA6FA04)
    (attr smd)
    (fp_text reference C11 (at 0 -1.43) (layer F.SilkS)
      (effects (font (size 1 1) (thickness 0.15)))
    )
    (fp_text value .1uF (at 0 1.43) (layer F.Fab)
      (effects (font (size 1 1) (thickness 0.15)))
    )
    (fp_line (start -0.8 0.4) (end -0.8 -0.4) (layer F.Fab) (width 0.1))
    (fp_line (start -0.8 -0.4) (end 0.8 -0.4) (layer F.Fab) (width 0.1))
    (fp_line (start 0.8 -0.4) (end 0.8 0.4) (layer F.Fab) (width 0.1))
    (fp_line (start 0.8 0.4) (end -0.8 0.4) (layer F.Fab) (width 0.1))
    (fp_line (start -0.171267 -0.51) (end 0.171267 -0.51) (layer F.SilkS) (width 0.12))
    (fp_line (start -0.171267 0.51) (end 0.171267 0.51) (layer F.SilkS) (width 0.12))
    (fp_line (start -1.65 0.73) (end -1.65 -0.73) (layer F.CrtYd) (width 0.05))
    (fp_line (start -1.65 -0.73) (end 1.65 -0.73) (layer F.CrtYd) (width 0.05))
    (fp_line (start 1.65 -0.73) (end 1.65 0.73) (layer F.CrtYd) (width 0.05))
    (fp_line (start 1.65 0.73) (end -1.65 0.73) (layer F.CrtYd) (width 0.05))
    (fp_text user %R (at 0 0) (layer F.Fab)
      (effects (font (size 0.4 0.4) (thickness 0.06)))
    )
    (pad 1 smd roundrect (at -0.875 0) (size 1.05 0.95) (layers F.Cu F.Paste F.Mask) (roundrect_rratio 0.25)
      (net 91 "Net-(C11-Pad1)"))
    (pad 2 smd roundrect (at 0.875 0) (size 1.05 0.95) (layers F.Cu F.Paste F.Mask) (roundrect_rratio 0.25)
      (net 92 "Net-(C11-Pad2)"))
    (model ${KISYS3DMOD}/Capacitor_SMD.3dshapes/C_0603_1608Metric.wrl
      (at (xyz 0 0 0))
      (scale (xyz 1 1 1))
      (rotate (xyz 0 0 0))
    )
  )

  (module Capacitor_SMD:C_0603_1608Metric_Pad1.05x0.95mm_HandSolder (layer F.Cu) (tedit 5B301BBE) (tstamp 5C2EB0B9)
    (at 97.151001 148.620001)
    (descr "Capacitor SMD 0603 (1608 Metric), square (rectangular) end terminal, IPC_7351 nominal with elongated pad for handsoldering. (Body size source: http://www.tortai-tech.com/upload/download/2011102023233369053.pdf), generated with kicad-footprint-generator")
    (tags "capacitor handsolder")
    (path /5C9225CC)
    (attr smd)
    (fp_text reference C10 (at 0 -1.43) (layer F.SilkS)
      (effects (font (size 1 1) (thickness 0.15)))
    )
    (fp_text value .1uF (at 0 1.43) (layer F.Fab)
      (effects (font (size 1 1) (thickness 0.15)))
    )
    (fp_text user %R (at 0 0) (layer F.Fab)
      (effects (font (size 0.4 0.4) (thickness 0.06)))
    )
    (fp_line (start 1.65 0.73) (end -1.65 0.73) (layer F.CrtYd) (width 0.05))
    (fp_line (start 1.65 -0.73) (end 1.65 0.73) (layer F.CrtYd) (width 0.05))
    (fp_line (start -1.65 -0.73) (end 1.65 -0.73) (layer F.CrtYd) (width 0.05))
    (fp_line (start -1.65 0.73) (end -1.65 -0.73) (layer F.CrtYd) (width 0.05))
    (fp_line (start -0.171267 0.51) (end 0.171267 0.51) (layer F.SilkS) (width 0.12))
    (fp_line (start -0.171267 -0.51) (end 0.171267 -0.51) (layer F.SilkS) (width 0.12))
    (fp_line (start 0.8 0.4) (end -0.8 0.4) (layer F.Fab) (width 0.1))
    (fp_line (start 0.8 -0.4) (end 0.8 0.4) (layer F.Fab) (width 0.1))
    (fp_line (start -0.8 -0.4) (end 0.8 -0.4) (layer F.Fab) (width 0.1))
    (fp_line (start -0.8 0.4) (end -0.8 -0.4) (layer F.Fab) (width 0.1))
    (pad 2 smd roundrect (at 0.875 0) (size 1.05 0.95) (layers F.Cu F.Paste F.Mask) (roundrect_rratio 0.25)
      (net 90 "Net-(C10-Pad2)"))
    (pad 1 smd roundrect (at -0.875 0) (size 1.05 0.95) (layers F.Cu F.Paste F.Mask) (roundrect_rratio 0.25)
      (net 88 "Net-(C10-Pad1)"))
    (model ${KISYS3DMOD}/Capacitor_SMD.3dshapes/C_0603_1608Metric.wrl
      (at (xyz 0 0 0))
      (scale (xyz 1 1 1))
      (rotate (xyz 0 0 0))
    )
  )

  (module Capacitor_SMD:C_0603_1608Metric_Pad1.05x0.95mm_HandSolder (layer F.Cu) (tedit 5B301BBE) (tstamp 5C2EB0A8)
    (at 100.501001 148.620001)
    (descr "Capacitor SMD 0603 (1608 Metric), square (rectangular) end terminal, IPC_7351 nominal with elongated pad for handsoldering. (Body size source: http://www.tortai-tech.com/upload/download/2011102023233369053.pdf), generated with kicad-footprint-generator")
    (tags "capacitor handsolder")
    (path /5BCA6EF1)
    (attr smd)
    (fp_text reference C9 (at 0 -1.43) (layer F.SilkS)
      (effects (font (size 1 1) (thickness 0.15)))
    )
    (fp_text value 10u (at 0 1.43) (layer F.Fab)
      (effects (font (size 1 1) (thickness 0.15)))
    )
    (fp_line (start -0.8 0.4) (end -0.8 -0.4) (layer F.Fab) (width 0.1))
    (fp_line (start -0.8 -0.4) (end 0.8 -0.4) (layer F.Fab) (width 0.1))
    (fp_line (start 0.8 -0.4) (end 0.8 0.4) (layer F.Fab) (width 0.1))
    (fp_line (start 0.8 0.4) (end -0.8 0.4) (layer F.Fab) (width 0.1))
    (fp_line (start -0.171267 -0.51) (end 0.171267 -0.51) (layer F.SilkS) (width 0.12))
    (fp_line (start -0.171267 0.51) (end 0.171267 0.51) (layer F.SilkS) (width 0.12))
    (fp_line (start -1.65 0.73) (end -1.65 -0.73) (layer F.CrtYd) (width 0.05))
    (fp_line (start -1.65 -0.73) (end 1.65 -0.73) (layer F.CrtYd) (width 0.05))
    (fp_line (start 1.65 -0.73) (end 1.65 0.73) (layer F.CrtYd) (width 0.05))
    (fp_line (start 1.65 0.73) (end -1.65 0.73) (layer F.CrtYd) (width 0.05))
    (fp_text user %R (at 0 0) (layer F.Fab)
      (effects (font (size 0.4 0.4) (thickness 0.06)))
    )
    (pad 1 smd roundrect (at -0.875 0) (size 1.05 0.95) (layers F.Cu F.Paste F.Mask) (roundrect_rratio 0.25)
      (net 103 VCC_12V))
    (pad 2 smd roundrect (at 0.875 0) (size 1.05 0.95) (layers F.Cu F.Paste F.Mask) (roundrect_rratio 0.25)
      (net 3 GND))
    (model ${KISYS3DMOD}/Capacitor_SMD.3dshapes/C_0603_1608Metric.wrl
      (at (xyz 0 0 0))
      (scale (xyz 1 1 1))
      (rotate (xyz 0 0 0))
    )
  )

  (module Capacitor_SMD:C_0603_1608Metric_Pad1.05x0.95mm_HandSolder (layer F.Cu) (tedit 5B301BBE) (tstamp 5C2EB097)
    (at 103.851001 148.620001)
    (descr "Capacitor SMD 0603 (1608 Metric), square (rectangular) end terminal, IPC_7351 nominal with elongated pad for handsoldering. (Body size source: http://www.tortai-tech.com/upload/download/2011102023233369053.pdf), generated with kicad-footprint-generator")
    (tags "capacitor handsolder")
    (path /5BCA6EB8)
    (attr smd)
    (fp_text reference C7 (at 0 -1.43) (layer F.SilkS)
      (effects (font (size 1 1) (thickness 0.15)))
    )
    (fp_text value 10u (at 0 1.43) (layer F.Fab)
      (effects (font (size 1 1) (thickness 0.15)))
    )
    (fp_text user %R (at 0 0) (layer F.Fab)
      (effects (font (size 0.4 0.4) (thickness 0.06)))
    )
    (fp_line (start 1.65 0.73) (end -1.65 0.73) (layer F.CrtYd) (width 0.05))
    (fp_line (start 1.65 -0.73) (end 1.65 0.73) (layer F.CrtYd) (width 0.05))
    (fp_line (start -1.65 -0.73) (end 1.65 -0.73) (layer F.CrtYd) (width 0.05))
    (fp_line (start -1.65 0.73) (end -1.65 -0.73) (layer F.CrtYd) (width 0.05))
    (fp_line (start -0.171267 0.51) (end 0.171267 0.51) (layer F.SilkS) (width 0.12))
    (fp_line (start -0.171267 -0.51) (end 0.171267 -0.51) (layer F.SilkS) (width 0.12))
    (fp_line (start 0.8 0.4) (end -0.8 0.4) (layer F.Fab) (width 0.1))
    (fp_line (start 0.8 -0.4) (end 0.8 0.4) (layer F.Fab) (width 0.1))
    (fp_line (start -0.8 -0.4) (end 0.8 -0.4) (layer F.Fab) (width 0.1))
    (fp_line (start -0.8 0.4) (end -0.8 -0.4) (layer F.Fab) (width 0.1))
    (pad 2 smd roundrect (at 0.875 0) (size 1.05 0.95) (layers F.Cu F.Paste F.Mask) (roundrect_rratio 0.25)
      (net 3 GND))
    (pad 1 smd roundrect (at -0.875 0) (size 1.05 0.95) (layers F.Cu F.Paste F.Mask) (roundrect_rratio 0.25)
      (net 103 VCC_12V))
    (model ${KISYS3DMOD}/Capacitor_SMD.3dshapes/C_0603_1608Metric.wrl
      (at (xyz 0 0 0))
      (scale (xyz 1 1 1))
      (rotate (xyz 0 0 0))
    )
  )

  (module Capacitor_SMD:C_0603_1608Metric_Pad1.05x0.95mm_HandSolder (layer F.Cu) (tedit 5B301BBE) (tstamp 5C2EB086)
    (at 107.201001 148.620001)
    (descr "Capacitor SMD 0603 (1608 Metric), square (rectangular) end terminal, IPC_7351 nominal with elongated pad for handsoldering. (Body size source: http://www.tortai-tech.com/upload/download/2011102023233369053.pdf), generated with kicad-footprint-generator")
    (tags "capacitor handsolder")
    (path /5BCA6ED5)
    (attr smd)
    (fp_text reference C8 (at 0 -1.43) (layer F.SilkS)
      (effects (font (size 1 1) (thickness 0.15)))
    )
    (fp_text value 10u (at 0 1.43) (layer F.Fab)
      (effects (font (size 1 1) (thickness 0.15)))
    )
    (fp_line (start -0.8 0.4) (end -0.8 -0.4) (layer F.Fab) (width 0.1))
    (fp_line (start -0.8 -0.4) (end 0.8 -0.4) (layer F.Fab) (width 0.1))
    (fp_line (start 0.8 -0.4) (end 0.8 0.4) (layer F.Fab) (width 0.1))
    (fp_line (start 0.8 0.4) (end -0.8 0.4) (layer F.Fab) (width 0.1))
    (fp_line (start -0.171267 -0.51) (end 0.171267 -0.51) (layer F.SilkS) (width 0.12))
    (fp_line (start -0.171267 0.51) (end 0.171267 0.51) (layer F.SilkS) (width 0.12))
    (fp_line (start -1.65 0.73) (end -1.65 -0.73) (layer F.CrtYd) (width 0.05))
    (fp_line (start -1.65 -0.73) (end 1.65 -0.73) (layer F.CrtYd) (width 0.05))
    (fp_line (start 1.65 -0.73) (end 1.65 0.73) (layer F.CrtYd) (width 0.05))
    (fp_line (start 1.65 0.73) (end -1.65 0.73) (layer F.CrtYd) (width 0.05))
    (fp_text user %R (at 0 0) (layer F.Fab)
      (effects (font (size 0.4 0.4) (thickness 0.06)))
    )
    (pad 1 smd roundrect (at -0.875 0) (size 1.05 0.95) (layers F.Cu F.Paste F.Mask) (roundrect_rratio 0.25)
      (net 103 VCC_12V))
    (pad 2 smd roundrect (at 0.875 0) (size 1.05 0.95) (layers F.Cu F.Paste F.Mask) (roundrect_rratio 0.25)
      (net 3 GND))
    (model ${KISYS3DMOD}/Capacitor_SMD.3dshapes/C_0603_1608Metric.wrl
      (at (xyz 0 0 0))
      (scale (xyz 1 1 1))
      (rotate (xyz 0 0 0))
    )
  )

  (module Diode_SMD:D_1206_3216Metric (layer F.Cu) (tedit 5B301BBE) (tstamp 5C2EB075)
    (at 64.321001 149.060001)
    (descr "Diode SMD 1206 (3216 Metric), square (rectangular) end terminal, IPC_7351 nominal, (Body size source: http://www.tortai-tech.com/upload/download/2011102023233369053.pdf), generated with kicad-footprint-generator")
    (tags diode)
    (path /5BCAC449)
    (attr smd)
    (fp_text reference D1 (at 0 -1.82) (layer F.SilkS)
      (effects (font (size 1 1) (thickness 0.15)))
    )
    (fp_text value LED (at 0 1.82) (layer F.Fab)
      (effects (font (size 1 1) (thickness 0.15)))
    )
    (fp_line (start 1.6 -0.8) (end -1.2 -0.8) (layer F.Fab) (width 0.1))
    (fp_line (start -1.2 -0.8) (end -1.6 -0.4) (layer F.Fab) (width 0.1))
    (fp_line (start -1.6 -0.4) (end -1.6 0.8) (layer F.Fab) (width 0.1))
    (fp_line (start -1.6 0.8) (end 1.6 0.8) (layer F.Fab) (width 0.1))
    (fp_line (start 1.6 0.8) (end 1.6 -0.8) (layer F.Fab) (width 0.1))
    (fp_line (start 1.6 -1.135) (end -2.285 -1.135) (layer F.SilkS) (width 0.12))
    (fp_line (start -2.285 -1.135) (end -2.285 1.135) (layer F.SilkS) (width 0.12))
    (fp_line (start -2.285 1.135) (end 1.6 1.135) (layer F.SilkS) (width 0.12))
    (fp_line (start -2.28 1.12) (end -2.28 -1.12) (layer F.CrtYd) (width 0.05))
    (fp_line (start -2.28 -1.12) (end 2.28 -1.12) (layer F.CrtYd) (width 0.05))
    (fp_line (start 2.28 -1.12) (end 2.28 1.12) (layer F.CrtYd) (width 0.05))
    (fp_line (start 2.28 1.12) (end -2.28 1.12) (layer F.CrtYd) (width 0.05))
    (fp_text user %R (at 0 0) (layer F.Fab)
      (effects (font (size 0.8 0.8) (thickness 0.12)))
    )
    (pad 1 smd roundrect (at -1.4 0) (size 1.25 1.75) (layers F.Cu F.Paste F.Mask) (roundrect_rratio 0.2)
      (net 3 GND))
    (pad 2 smd roundrect (at 1.4 0) (size 1.25 1.75) (layers F.Cu F.Paste F.Mask) (roundrect_rratio 0.2)
      (net 33 "Net-(D1-Pad2)"))
    (model ${KISYS3DMOD}/Diode_SMD.3dshapes/D_1206_3216Metric.wrl
      (at (xyz 0 0 0))
      (scale (xyz 1 1 1))
      (rotate (xyz 0 0 0))
    )
  )

  (module MRDT_Connectors:Anderson_2_Horisontal_Side_by_Side (layer F.Cu) (tedit 5AAD70FE) (tstamp 5C2EB062)
    (at 211.699001 65.988001)
    (path /5C0054EB)
    (fp_text reference Conn3 (at -1.8796 0.762) (layer F.SilkS) hide
      (effects (font (size 1 1) (thickness 0.15)))
    )
    (fp_text value Anderson-2 (at -12.8651 -16.764) (layer F.Fab)
      (effects (font (size 1 1) (thickness 0.15)))
    )
    (fp_line (start -12.2936 -15.748) (end 0 -15.748) (layer F.SilkS) (width 0.15))
    (fp_line (start -24.6126 -15.748) (end -16.8656 -15.748) (layer F.SilkS) (width 0.15))
    (fp_line (start -16.8656 0) (end -24.6126 0) (layer F.SilkS) (width 0.15))
    (fp_line (start -12.2936 0) (end 0 0) (layer F.SilkS) (width 0.15))
    (fp_circle (center -14.5796 -7.874) (end -14.5796 -6.731) (layer F.SilkS) (width 0.15))
    (fp_line (start -14.5796 -10.16) (end -14.5796 -13.4366) (layer F.SilkS) (width 0.15))
    (fp_line (start -12.2936 -7.874) (end 0 -7.874) (layer F.SilkS) (width 0.15))
    (fp_line (start -14.5796 -5.588) (end -14.5796 -2.286) (layer F.SilkS) (width 0.15))
    (fp_line (start -12.2936 -7.874) (end -13.4366 -7.874) (layer F.SilkS) (width 0.15))
    (fp_line (start -14.5796 -10.16) (end -14.5796 -9.017) (layer F.SilkS) (width 0.15))
    (fp_line (start -24.6126 -7.8994) (end -15.7226 -7.8994) (layer F.SilkS) (width 0.15))
    (fp_line (start -14.5796 -5.588) (end -14.5796 -6.731) (layer F.SilkS) (width 0.15))
    (fp_line (start -14.5796 -14.605) (end -14.5796 -13.4366) (layer F.SilkS) (width 0.15))
    (fp_line (start -12.319 -15.748) (end -13.4112 -15.748) (layer F.SilkS) (width 0.15))
    (fp_line (start -16.891 0) (end -15.7226 0) (layer F.SilkS) (width 0.15))
    (fp_line (start -14.5796 -2.3114) (end -14.5796 -1.143) (layer F.SilkS) (width 0.15))
    (fp_line (start -12.2682 0) (end -13.462 0) (layer F.SilkS) (width 0.15))
    (fp_arc (start -14.5796 -15.748) (end -14.5796 -14.605) (angle 90) (layer F.SilkS) (width 0.15))
    (fp_arc (start -14.5796 -15.748) (end -13.4366 -15.748) (angle 90) (layer F.SilkS) (width 0.15))
    (fp_line (start -15.7226 -15.748) (end -16.9418 -15.748) (layer F.SilkS) (width 0.15))
    (fp_line (start 0 -15.748) (end 0 0) (layer F.SilkS) (width 0.15))
    (fp_line (start -24.638 -15.748) (end -24.638 0) (layer F.SilkS) (width 0.15))
    (fp_arc (start -14.5796 0) (end -15.6972 0) (angle 90) (layer F.SilkS) (width 0.15))
    (fp_arc (start -14.5796 0) (end -14.5796 -1.1176) (angle 90) (layer F.SilkS) (width 0.15))
    (pad 2 thru_hole circle (at 3.5814 -12.064) (size 5.08 5.08) (drill 4.06) (layers *.Cu *.Mask F.Paste))
    (pad 1 thru_hole circle (at 3.5814 -4.063) (size 5.08 5.08) (drill 4.06) (layers *.Cu *.Mask F.Paste)
      (net 132 "Net-(Conn3-Pad1)"))
  )

  (module MRDT_Connectors:Anderson_2_Horisontal_Side_by_Side (layer F.Cu) (tedit 5AAD70FE) (tstamp 5C2EB044)
    (at 86.689001 147.618001)
    (path /5C47ACED)
    (fp_text reference Conn4 (at -1.8796 0.762) (layer F.SilkS) hide
      (effects (font (size 1 1) (thickness 0.15)))
    )
    (fp_text value Anderson-2 (at -12.8651 -16.764) (layer F.Fab)
      (effects (font (size 1 1) (thickness 0.15)))
    )
    (fp_arc (start -14.5796 0) (end -14.5796 -1.1176) (angle 90) (layer F.SilkS) (width 0.15))
    (fp_arc (start -14.5796 0) (end -15.6972 0) (angle 90) (layer F.SilkS) (width 0.15))
    (fp_line (start -24.638 -15.748) (end -24.638 0) (layer F.SilkS) (width 0.15))
    (fp_line (start 0 -15.748) (end 0 0) (layer F.SilkS) (width 0.15))
    (fp_line (start -15.7226 -15.748) (end -16.9418 -15.748) (layer F.SilkS) (width 0.15))
    (fp_arc (start -14.5796 -15.748) (end -13.4366 -15.748) (angle 90) (layer F.SilkS) (width 0.15))
    (fp_arc (start -14.5796 -15.748) (end -14.5796 -14.605) (angle 90) (layer F.SilkS) (width 0.15))
    (fp_line (start -12.2682 0) (end -13.462 0) (layer F.SilkS) (width 0.15))
    (fp_line (start -14.5796 -2.3114) (end -14.5796 -1.143) (layer F.SilkS) (width 0.15))
    (fp_line (start -16.891 0) (end -15.7226 0) (layer F.SilkS) (width 0.15))
    (fp_line (start -12.319 -15.748) (end -13.4112 -15.748) (layer F.SilkS) (width 0.15))
    (fp_line (start -14.5796 -14.605) (end -14.5796 -13.4366) (layer F.SilkS) (width 0.15))
    (fp_line (start -14.5796 -5.588) (end -14.5796 -6.731) (layer F.SilkS) (width 0.15))
    (fp_line (start -24.6126 -7.8994) (end -15.7226 -7.8994) (layer F.SilkS) (width 0.15))
    (fp_line (start -14.5796 -10.16) (end -14.5796 -9.017) (layer F.SilkS) (width 0.15))
    (fp_line (start -12.2936 -7.874) (end -13.4366 -7.874) (layer F.SilkS) (width 0.15))
    (fp_line (start -14.5796 -5.588) (end -14.5796 -2.286) (layer F.SilkS) (width 0.15))
    (fp_line (start -12.2936 -7.874) (end 0 -7.874) (layer F.SilkS) (width 0.15))
    (fp_line (start -14.5796 -10.16) (end -14.5796 -13.4366) (layer F.SilkS) (width 0.15))
    (fp_circle (center -14.5796 -7.874) (end -14.5796 -6.731) (layer F.SilkS) (width 0.15))
    (fp_line (start -12.2936 0) (end 0 0) (layer F.SilkS) (width 0.15))
    (fp_line (start -16.8656 0) (end -24.6126 0) (layer F.SilkS) (width 0.15))
    (fp_line (start -24.6126 -15.748) (end -16.8656 -15.748) (layer F.SilkS) (width 0.15))
    (fp_line (start -12.2936 -15.748) (end 0 -15.748) (layer F.SilkS) (width 0.15))
