(kicad_pcb (version 20171130) (host pcbnew "(5.0.0)")

  (general
    (thickness 1.6)
    (drawings 0)
    (tracks 1012)
    (zones 0)
    (modules 58)
    (nets 139)
  )

  (page A4)
  (layers
    (0 F.Cu signal)
    (31 B.Cu signal)
    (32 B.Adhes user)
    (33 F.Adhes user)
    (34 B.Paste user)
    (35 F.Paste user)
    (36 B.SilkS user)
    (37 F.SilkS user)
    (38 B.Mask user)
    (39 F.Mask user)
    (40 Dwgs.User user)
    (41 Cmts.User user)
    (42 Eco1.User user)
    (43 Eco2.User user)
    (44 Edge.Cuts user)
    (45 Margin user)
    (46 B.CrtYd user)
    (47 F.CrtYd user)
    (48 B.Fab user)
    (49 F.Fab user)
  )

  (setup
    (last_trace_width 0.25)
    (trace_clearance 0.2)
    (zone_clearance 0.508)
    (zone_45_only no)
    (trace_min 0.2)
    (segment_width 0.2)
    (edge_width 0.15)
    (via_size 0.8)
    (via_drill 0.4)
    (via_min_size 0.4)
    (via_min_drill 0.3)
    (uvia_size 0.3)
    (uvia_drill 0.1)
    (uvias_allowed no)
    (uvia_min_size 0.2)
    (uvia_min_drill 0.1)
    (pcb_text_width 0.3)
    (pcb_text_size 1.5 1.5)
    (mod_edge_width 0.15)
    (mod_text_size 1 1)
    (mod_text_width 0.15)
    (pad_size 1.524 1.524)
    (pad_drill 0.762)
    (pad_to_mask_clearance 0.2)
    (aux_axis_origin 0 0)
    (visible_elements 7FFFFFFF)
    (pcbplotparams
      (layerselection 0x010fc_ffffffff)
      (usegerberextensions false)
      (usegerberattributes false)
      (usegerberadvancedattributes false)
      (creategerberjobfile false)
      (excludeedgelayer true)
      (linewidth 0.100000)
      (plotframeref false)
      (viasonmask false)
      (mode 1)
      (useauxorigin false)
      (hpglpennumber 1)
      (hpglpenspeed 20)
      (hpglpendiameter 15.000000)
      (psnegative false)
      (psa4output false)
      (plotreference true)
      (plotvalue true)
      (plotinvisibletext false)
      (padsonsilk false)
      (subtractmaskfromsilk false)
      (outputformat 1)
      (mirror false)
      (drillshape 1)
      (scaleselection 1)
      (outputdirectory ""))
  )

  (net 0 "")
  (net 1 "Net-(R9-Pad1)")
  (net 2 IN_A4)
  (net 3 GND)
  (net 4 LS_7)
  (net 5 "Net-(R11-Pad1)")
  (net 6 MOTOR3_PWM)
  (net 7 MOTOR1_PWM)
  (net 8 "Net-(R1-Pad1)")
  (net 9 "Net-(R2-Pad1)")
  (net 10 IN_B1)
  (net 11 IN_A1)
  (net 12 "Net-(R3-Pad1)")
  (net 13 "Net-(R4-Pad1)")
  (net 14 IN_A2)
  (net 15 MOTO2_PWM)
  (net 16 "Net-(R5-Pad1)")
  (net 17 "Net-(R6-Pad1)")
  (net 18 IN_B2)
  (net 19 MOTOR4_PWM)
  (net 20 "Net-(R7-Pad1)")
  (net 21 LS_2)
  (net 22 IN_B3)
  (net 23 "Net-(R12-Pad1)")
  (net 24 "Net-(R13-Pad1)")
  (net 25 IN_A3)
  (net 26 LS_1)
  (net 27 LS_3)
  (net 28 LS_5)
  (net 29 LS_4)
  (net 30 LS_6)
  (net 31 LS_8)
  (net 32 Logic_3.3V)
  (net 33 "Net-(D1-Pad2)")
  (net 34 "Net-(R10-Pad1)")
  (net 35 "Net-(U3-PadPM6)")
  (net 36 "Net-(U3-PadPQ1)")
  (net 37 "Net-(U3-PadPQ2)")
  (net 38 "Net-(U3-PadPQ3)")
  (net 39 "Net-(U3-PadPP3)")
  (net 40 "Net-(U3-PadPQ0)")
  (net 41 "Net-(U3-PadRese)")
  (net 42 "Net-(U3-PadPA7)")
  (net 43 "Net-(U3-PadPN5)")
  (net 44 "Net-(U3-Pad+5V)")
  (net 45 "Net-(U3-PadPD2)")
  (net 46 Encoder3_PWM)
  (net 47 Encoder4_PWM)
  (net 48 "Net-(U3-PadPP4)")
  (net 49 "Net-(U3-PadPN4)")
  (net 50 "Net-(U3-PadPG1)")
  (net 51 "Net-(U3-PadPK4)")
  (net 52 "Net-(U3-PadPK5)")
  (net 53 "Net-(U3-PadPM0)")
  (net 54 "Net-(U3-PadPM1)")
  (net 55 "Net-(U3-PadPM2)")
  (net 56 "Net-(U3-PadPM7)")
  (net 57 "Net-(U3-PadPP5)")
  (net 58 RX_1_Tiva)
  (net 59 TX_1_Tiva)
  (net 60 "Net-(U3-PadPD3)")
  (net 61 "Net-(U3-PadPB2)")
  (net 62 "Net-(U3-PadPB3)")
  (net 63 MOTOR2_PWM)
  (net 64 Encoder1_PWM)
  (net 65 Encoder2_PWM)
  (net 66 "Net-(U3-PadPM3)")
  (net 67 "Net-(U3-PadPD1)")
  (net 68 "Net-(U3-PadPD0)")
  (net 69 "Net-(U3-PadPP2)")
  (net 70 "Net-(C10-Pad1)")
  (net 71 "Net-(C1-Pad1)")
  (net 72 "Net-(C10-Pad2)")
  (net 73 "Net-(C11-Pad1)")
  (net 74 "Net-(C11-Pad2)")
  (net 75 "Net-(C2-Pad1)")
  (net 76 RX_1_SL)
  (net 77 TX_1_SL)
  (net 78 +12V)
  (net 79 "Net-(U1-Pad2)")
  (net 80 VCC_12V)
  (net 81 "Net-(U1-Pad11)")
  (net 82 "Net-(U1-Pad14)")
  (net 83 "Net-(U1-Pad17)")
  (net 84 "Net-(U1-Pad22)")
  (net 85 "Net-(U1-Pad24)")
  (net 86 "Net-(U1-Pad29)")
  (net 87 "Net-(U2-Pad29)")
  (net 88 "Net-(U2-Pad24)")
  (net 89 "Net-(U2-Pad22)")
  (net 90 "Net-(U2-Pad17)")
  (net 91 "Net-(U2-Pad14)")
  (net 92 "Net-(U2-Pad11)")
  (net 93 "Net-(U2-Pad2)")
  (net 94 "Net-(U5-Pad2)")
  (net 95 "Net-(U5-Pad11)")
  (net 96 "Net-(U5-Pad14)")
  (net 97 "Net-(U5-Pad17)")
  (net 98 "Net-(U5-Pad22)")
  (net 99 "Net-(U5-Pad24)")
  (net 100 "Net-(U5-Pad29)")
  (net 101 "Net-(U6-Pad29)")
  (net 102 "Net-(U6-Pad24)")
  (net 103 "Net-(U6-Pad22)")
  (net 104 "Net-(U6-Pad17)")
  (net 105 "Net-(U6-Pad14)")
  (net 106 "Net-(U6-Pad11)")
  (net 107 "Net-(U6-Pad2)")
  (net 108 LOGIC_3.3V)
  (net 109 /Out_A1)
  (net 110 /Out_B1)
  (net 111 /Out_B2)
  (net 112 /Out_B3)
  (net 113 /Out_A3)
  (net 114 /Out_A4)
  (net 115 /Out_B4)
  (net 116 I_Sense_1)
  (net 117 I_Sense_2)
  (net 118 I_Sense_3)
  (net 119 I_Sense_4)
  (net 120 /V+Log)
  (net 121 /Out_A2)
  (net 122 IN_B4)
  (net 123 RX_2_SL)
  (net 124 TX_2_SL)
  (net 125 "Net-(U3-PadPC4)")
  (net 126 "Net-(U3-PadPC5)")
  (net 127 "Net-(U3-PadPL4)")
  (net 128 "Net-(U3-PadPL5)")
  (net 129 "Net-(U3-PadPL2)")
  (net 130 "Net-(U3-PadPL3)")
  (net 131 "Net-(U3-PadPN2)")
  (net 132 "Net-(U3-PadPN3)")
  (net 133 RX_2_Tiva)
  (net 134 TX_2_Tiva)
  (net 135 "Net-(U3-PadPE2)")
  (net 136 "Net-(U3-PadPE3)")
  (net 137 "Net-(U3-PadPF1)")
  (net 138 "Net-(U3-PadPG0)")

  (net_class Default "This is the default net class."
    (clearance 0.2)
    (trace_width 0.25)
    (via_dia 0.8)
    (via_drill 0.4)
    (uvia_dia 0.3)
    (uvia_drill 0.1)
    (add_net +12V)
    (add_net /Out_A1)
    (add_net /Out_A2)
    (add_net /Out_A3)
    (add_net /Out_A4)
    (add_net /Out_B1)
    (add_net /Out_B2)
    (add_net /Out_B3)
    (add_net /Out_B4)
    (add_net /V+Log)
    (add_net Encoder1_PWM)
    (add_net Encoder2_PWM)
    (add_net Encoder3_PWM)
    (add_net Encoder4_PWM)
    (add_net GND)
    (add_net IN_A1)
    (add_net IN_A2)
    (add_net IN_A3)
    (add_net IN_A4)
    (add_net IN_B1)
    (add_net IN_B2)
    (add_net IN_B3)
    (add_net IN_B4)
    (add_net I_Sense_1)
    (add_net I_Sense_2)
    (add_net I_Sense_3)
    (add_net I_Sense_4)
    (add_net LOGIC_3.3V)
    (add_net LS_1)
    (add_net LS_2)
    (add_net LS_3)
    (add_net LS_4)
    (add_net LS_5)
    (add_net LS_6)
    (add_net LS_7)
    (add_net LS_8)
    (add_net Logic_3.3V)
    (add_net MOTO2_PWM)
    (add_net MOTOR1_PWM)
    (add_net MOTOR2_PWM)
    (add_net MOTOR3_PWM)
    (add_net MOTOR4_PWM)
    (add_net "Net-(C1-Pad1)")
    (add_net "Net-(C10-Pad1)")
    (add_net "Net-(C10-Pad2)")
    (add_net "Net-(C11-Pad1)")
    (add_net "Net-(C11-Pad2)")
    (add_net "Net-(C2-Pad1)")
    (add_net "Net-(D1-Pad2)")
    (add_net "Net-(R1-Pad1)")
    (add_net "Net-(R10-Pad1)")
    (add_net "Net-(R11-Pad1)")
    (add_net "Net-(R12-Pad1)")
    (add_net "Net-(R13-Pad1)")
    (add_net "Net-(R2-Pad1)")
    (add_net "Net-(R3-Pad1)")
    (add_net "Net-(R4-Pad1)")
    (add_net "Net-(R5-Pad1)")
    (add_net "Net-(R6-Pad1)")
    (add_net "Net-(R7-Pad1)")
    (add_net "Net-(R9-Pad1)")
    (add_net "Net-(U1-Pad11)")
    (add_net "Net-(U1-Pad14)")
    (add_net "Net-(U1-Pad17)")
    (add_net "Net-(U1-Pad2)")
    (add_net "Net-(U1-Pad22)")
    (add_net "Net-(U1-Pad24)")
    (add_net "Net-(U1-Pad29)")
    (add_net "Net-(U2-Pad11)")
    (add_net "Net-(U2-Pad14)")
    (add_net "Net-(U2-Pad17)")
    (add_net "Net-(U2-Pad2)")
    (add_net "Net-(U2-Pad22)")
    (add_net "Net-(U2-Pad24)")
    (add_net "Net-(U2-Pad29)")
    (add_net "Net-(U3-Pad+5V)")
    (add_net "Net-(U3-PadPA7)")
    (add_net "Net-(U3-PadPB2)")
    (add_net "Net-(U3-PadPB3)")
    (add_net "Net-(U3-PadPC4)")
    (add_net "Net-(U3-PadPC5)")
    (add_net "Net-(U3-PadPD0)")
    (add_net "Net-(U3-PadPD1)")
    (add_net "Net-(U3-PadPD2)")
    (add_net "Net-(U3-PadPD3)")
    (add_net "Net-(U3-PadPE2)")
    (add_net "Net-(U3-PadPE3)")
    (add_net "Net-(U3-PadPF1)")
    (add_net "Net-(U3-PadPG0)")
    (add_net "Net-(U3-PadPG1)")
    (add_net "Net-(U3-PadPK4)")
    (add_net "Net-(U3-PadPK5)")
    (add_net "Net-(U3-PadPL2)")
    (add_net "Net-(U3-PadPL3)")
    (add_net "Net-(U3-PadPL4)")
    (add_net "Net-(U3-PadPL5)")
    (add_net "Net-(U3-PadPM0)")
    (add_net "Net-(U3-PadPM1)")
    (add_net "Net-(U3-PadPM2)")
    (add_net "Net-(U3-PadPM3)")
    (add_net "Net-(U3-PadPM6)")
    (add_net "Net-(U3-PadPM7)")
    (add_net "Net-(U3-PadPN2)")
    (add_net "Net-(U3-PadPN3)")
    (add_net "Net-(U3-PadPN4)")
    (add_net "Net-(U3-PadPN5)")
    (add_net "Net-(U3-PadPP2)")
    (add_net "Net-(U3-PadPP3)")
    (add_net "Net-(U3-PadPP4)")
    (add_net "Net-(U3-PadPP5)")
    (add_net "Net-(U3-PadPQ0)")
    (add_net "Net-(U3-PadPQ1)")
    (add_net "Net-(U3-PadPQ2)")
    (add_net "Net-(U3-PadPQ3)")
    (add_net "Net-(U3-PadRese)")
    (add_net "Net-(U5-Pad11)")
    (add_net "Net-(U5-Pad14)")
    (add_net "Net-(U5-Pad17)")
    (add_net "Net-(U5-Pad2)")
    (add_net "Net-(U5-Pad22)")
    (add_net "Net-(U5-Pad24)")
    (add_net "Net-(U5-Pad29)")
    (add_net "Net-(U6-Pad11)")
    (add_net "Net-(U6-Pad14)")
    (add_net "Net-(U6-Pad17)")
    (add_net "Net-(U6-Pad2)")
    (add_net "Net-(U6-Pad22)")
    (add_net "Net-(U6-Pad24)")
    (add_net "Net-(U6-Pad29)")
    (add_net RX_1_SL)
    (add_net RX_1_Tiva)
    (add_net RX_2_SL)
    (add_net RX_2_Tiva)
    (add_net TX_1_SL)
    (add_net TX_1_Tiva)
    (add_net TX_2_SL)
    (add_net TX_2_Tiva)
    (add_net VCC_12V)
  )

  (module MRDT_Connectors:MOLEX_SL_02_Vertical (layer F.Cu) (tedit 5AB80314) (tstamp 5BD2A1FA)
    (at 60.198 112.014)
    (path /5BE90077)
    (fp_text reference U13 (at -1.905 3.429) (layer F.SilkS) hide
      (effects (font (size 1 1) (thickness 0.15)))
    )
    (fp_text value Limit_Switch6 (at 1.016 3.429) (layer F.Fab)
      (effects (font (size 1 1) (thickness 0.15)))
    )
    (fp_line (start -3.81 -2.54) (end -3.81 2.54) (layer F.SilkS) (width 0.15))
    (fp_line (start 3.683 -2.54) (end 3.683 2.54) (layer F.SilkS) (width 0.15))
    (fp_line (start -3.81 -2.54) (end 3.683 -2.54) (layer F.SilkS) (width 0.15))
    (fp_line (start 3.683 2.54) (end -3.81 2.54) (layer F.SilkS) (width 0.15))
    (fp_line (start -3.81 -2.54) (end -3.81 -3.81) (layer F.SilkS) (width 0.15))
    (fp_line (start 3.683 -3.81) (end 3.683 -2.54) (layer F.SilkS) (width 0.15))
    (fp_line (start -3.81 -3.81) (end 3.683 -3.81) (layer F.SilkS) (width 0.15))
    (pad 2 thru_hole circle (at 1.27 0) (size 1.524 1.524) (drill 0.762) (layers *.Cu *.Mask)
      (net 30 LS_6))
    (pad 1 thru_hole circle (at -1.27 0) (size 1.524 1.524) (drill 0.762) (layers *.Cu *.Mask)
      (net 32 Logic_3.3V))
  )

  (module MRDT_Connectors:MOLEX_SL_02_Vertical (layer F.Cu) (tedit 5AB80314) (tstamp 5BD2A131)
    (at 50.038 119.634)
    (path /5BE870EA)
    (fp_text reference U8 (at -1.905 3.429) (layer F.SilkS) hide
      (effects (font (size 1 1) (thickness 0.15)))
    )
    (fp_text value Limit_Switch3 (at 1.016 3.429) (layer F.Fab)
      (effects (font (size 1 1) (thickness 0.15)))
    )
    (fp_line (start -3.81 -3.81) (end 3.683 -3.81) (layer F.SilkS) (width 0.15))
    (fp_line (start 3.683 -3.81) (end 3.683 -2.54) (layer F.SilkS) (width 0.15))
    (fp_line (start -3.81 -2.54) (end -3.81 -3.81) (layer F.SilkS) (width 0.15))
    (fp_line (start 3.683 2.54) (end -3.81 2.54) (layer F.SilkS) (width 0.15))
    (fp_line (start -3.81 -2.54) (end 3.683 -2.54) (layer F.SilkS) (width 0.15))
    (fp_line (start 3.683 -2.54) (end 3.683 2.54) (layer F.SilkS) (width 0.15))
    (fp_line (start -3.81 -2.54) (end -3.81 2.54) (layer F.SilkS) (width 0.15))
    (pad 1 thru_hole circle (at -1.27 0) (size 1.524 1.524) (drill 0.762) (layers *.Cu *.Mask)
      (net 32 Logic_3.3V))
    (pad 2 thru_hole circle (at 1.27 0) (size 1.524 1.524) (drill 0.762) (layers *.Cu *.Mask)
      (net 27 LS_3))
  )

  (module Capacitor_SMD:C_0603_1608Metric_Pad1.05x0.95mm_HandSolder (layer F.Cu) (tedit 5B301BBE) (tstamp 5BDE0AAC)
    (at 136.398 98.298)
    (descr "Capacitor SMD 0603 (1608 Metric), square (rectangular) end terminal, IPC_7351 nominal with elongated pad for handsoldering. (Body size source: http://www.tortai-tech.com/upload/download/2011102023233369053.pdf), generated with kicad-footprint-generator")
    (tags "capacitor handsolder")
    (path /5CAD4E6B)
    (attr smd)
    (fp_text reference C1 (at 0 -1.43) (layer F.SilkS)
      (effects (font (size 1 1) (thickness 0.15)))
    )
    (fp_text value .1uF (at 0 1.43) (layer F.Fab)
      (effects (font (size 1 1) (thickness 0.15)))
    )
    (fp_line (start -0.8 0.4) (end -0.8 -0.4) (layer F.Fab) (width 0.1))
    (fp_line (start -0.8 -0.4) (end 0.8 -0.4) (layer F.Fab) (width 0.1))
    (fp_line (start 0.8 -0.4) (end 0.8 0.4) (layer F.Fab) (width 0.1))
    (fp_line (start 0.8 0.4) (end -0.8 0.4) (layer F.Fab) (width 0.1))
    (fp_line (start -0.171267 -0.51) (end 0.171267 -0.51) (layer F.SilkS) (width 0.12))
    (fp_line (start -0.171267 0.51) (end 0.171267 0.51) (layer F.SilkS) (width 0.12))
    (fp_line (start -1.65 0.73) (end -1.65 -0.73) (layer F.CrtYd) (width 0.05))
    (fp_line (start -1.65 -0.73) (end 1.65 -0.73) (layer F.CrtYd) (width 0.05))
    (fp_line (start 1.65 -0.73) (end 1.65 0.73) (layer F.CrtYd) (width 0.05))
    (fp_line (start 1.65 0.73) (end -1.65 0.73) (layer F.CrtYd) (width 0.05))
    (fp_text user %R (at 0 0) (layer F.Fab)
      (effects (font (size 0.4 0.4) (thickness 0.06)))
    )
    (pad 1 smd roundrect (at -0.875 0) (size 1.05 0.95) (layers F.Cu F.Paste F.Mask) (roundrect_rratio 0.25)
      (net 71 "Net-(C1-Pad1)"))
    (pad 2 smd roundrect (at 0.875 0) (size 1.05 0.95) (layers F.Cu F.Paste F.Mask) (roundrect_rratio 0.25)
      (net 3 GND))
    (model ${KISYS3DMOD}/Capacitor_SMD.3dshapes/C_0603_1608Metric.wrl
      (at (xyz 0 0 0))
      (scale (xyz 1 1 1))
      (rotate (xyz 0 0 0))
    )
  )

  (module Capacitor_SMD:C_0603_1608Metric_Pad1.05x0.95mm_HandSolder (layer F.Cu) (tedit 5B301BBE) (tstamp 5BDE5536)
    (at 129.1336 111.5314 270)
    (descr "Capacitor SMD 0603 (1608 Metric), square (rectangular) end terminal, IPC_7351 nominal with elongated pad for handsoldering. (Body size source: http://www.tortai-tech.com/upload/download/2011102023233369053.pdf), generated with kicad-footprint-generator")
    (tags "capacitor handsolder")
    (path /5CAD5071)
    (attr smd)
    (fp_text reference C2 (at 0 -1.43 270) (layer F.SilkS)
      (effects (font (size 1 1) (thickness 0.15)))
    )
    (fp_text value .1uF (at 0 1.43 270) (layer F.Fab)
      (effects (font (size 1 1) (thickness 0.15)))
    )
    (fp_text user %R (at 0 0 270) (layer F.Fab)
      (effects (font (size 0.4 0.4) (thickness 0.06)))
    )
    (fp_line (start 1.65 0.73) (end -1.65 0.73) (layer F.CrtYd) (width 0.05))
    (fp_line (start 1.65 -0.73) (end 1.65 0.73) (layer F.CrtYd) (width 0.05))
    (fp_line (start -1.65 -0.73) (end 1.65 -0.73) (layer F.CrtYd) (width 0.05))
    (fp_line (start -1.65 0.73) (end -1.65 -0.73) (layer F.CrtYd) (width 0.05))
    (fp_line (start -0.171267 0.51) (end 0.171267 0.51) (layer F.SilkS) (width 0.12))
    (fp_line (start -0.171267 -0.51) (end 0.171267 -0.51) (layer F.SilkS) (width 0.12))
    (fp_line (start 0.8 0.4) (end -0.8 0.4) (layer F.Fab) (width 0.1))
    (fp_line (start 0.8 -0.4) (end 0.8 0.4) (layer F.Fab) (width 0.1))
    (fp_line (start -0.8 -0.4) (end 0.8 -0.4) (layer F.Fab) (width 0.1))
    (fp_line (start -0.8 0.4) (end -0.8 -0.4) (layer F.Fab) (width 0.1))
    (pad 2 smd roundrect (at 0.875 0 270) (size 1.05 0.95) (layers F.Cu F.Paste F.Mask) (roundrect_rratio 0.25)
      (net 3 GND))
    (pad 1 smd roundrect (at -0.875 0 270) (size 1.05 0.95) (layers F.Cu F.Paste F.Mask) (roundrect_rratio 0.25)
      (net 75 "Net-(C2-Pad1)"))
    (model ${KISYS3DMOD}/Capacitor_SMD.3dshapes/C_0603_1608Metric.wrl
      (at (xyz 0 0 0))
      (scale (xyz 1 1 1))
      (rotate (xyz 0 0 0))
    )
  )

  (module Capacitor_SMD:C_0603_1608Metric_Pad1.05x0.95mm_HandSolder (layer F.Cu) (tedit 5B301BBE) (tstamp 5BD2A915)
    (at 62.484 86.3854 180)
    (descr "Capacitor SMD 0603 (1608 Metric), square (rectangular) end terminal, IPC_7351 nominal with elongated pad for handsoldering. (Body size source: http://www.tortai-tech.com/upload/download/2011102023233369053.pdf), generated with kicad-footprint-generator")
    (tags "capacitor handsolder")
    (path /5BCA6E15)
    (attr smd)
    (fp_text reference C3 (at 0 -1.43 180) (layer F.SilkS)
      (effects (font (size 1 1) (thickness 0.15)))
    )
    (fp_text value .1u (at 0 1.43 180) (layer F.Fab)
      (effects (font (size 1 1) (thickness 0.15)))
    )
    (fp_line (start -0.8 0.4) (end -0.8 -0.4) (layer F.Fab) (width 0.1))
    (fp_line (start -0.8 -0.4) (end 0.8 -0.4) (layer F.Fab) (width 0.1))
    (fp_line (start 0.8 -0.4) (end 0.8 0.4) (layer F.Fab) (width 0.1))
    (fp_line (start 0.8 0.4) (end -0.8 0.4) (layer F.Fab) (width 0.1))
    (fp_line (start -0.171267 -0.51) (end 0.171267 -0.51) (layer F.SilkS) (width 0.12))
    (fp_line (start -0.171267 0.51) (end 0.171267 0.51) (layer F.SilkS) (width 0.12))
    (fp_line (start -1.65 0.73) (end -1.65 -0.73) (layer F.CrtYd) (width 0.05))
    (fp_line (start -1.65 -0.73) (end 1.65 -0.73) (layer F.CrtYd) (width 0.05))
    (fp_line (start 1.65 -0.73) (end 1.65 0.73) (layer F.CrtYd) (width 0.05))
    (fp_line (start 1.65 0.73) (end -1.65 0.73) (layer F.CrtYd) (width 0.05))
    (fp_text user %R (at 0 0 180) (layer F.Fab)
      (effects (font (size 0.4 0.4) (thickness 0.06)))
    )
    (pad 1 smd roundrect (at -0.875 0 180) (size 1.05 0.95) (layers F.Cu F.Paste F.Mask) (roundrect_rratio 0.25)
      (net 80 VCC_12V))
    (pad 2 smd roundrect (at 0.875 0 180) (size 1.05 0.95) (layers F.Cu F.Paste F.Mask) (roundrect_rratio 0.25)
      (net 3 GND))
    (model ${KISYS3DMOD}/Capacitor_SMD.3dshapes/C_0603_1608Metric.wrl
      (at (xyz 0 0 0))
      (scale (xyz 1 1 1))
      (rotate (xyz 0 0 0))
    )
  )

  (module Capacitor_SMD:C_0603_1608Metric_Pad1.05x0.95mm_HandSolder (layer F.Cu) (tedit 5B301BBE) (tstamp 5BD2A8E5)
    (at 99.568 109.22)
    (descr "Capacitor SMD 0603 (1608 Metric), square (rectangular) end terminal, IPC_7351 nominal with elongated pad for handsoldering. (Body size source: http://www.tortai-tech.com/upload/download/2011102023233369053.pdf), generated with kicad-footprint-generator")
    (tags "capacitor handsolder")
    (path /5BCA7B9A)
    (attr smd)
    (fp_text reference C4 (at 0 -1.43) (layer F.SilkS)
      (effects (font (size 1 1) (thickness 0.15)))
    )
    (fp_text value 10u (at 0 1.43) (layer F.Fab)
      (effects (font (size 1 1) (thickness 0.15)))
    )
    (fp_text user %R (at 0 0) (layer F.Fab)
      (effects (font (size 0.4 0.4) (thickness 0.06)))
    )
    (fp_line (start 1.65 0.73) (end -1.65 0.73) (layer F.CrtYd) (width 0.05))
    (fp_line (start 1.65 -0.73) (end 1.65 0.73) (layer F.CrtYd) (width 0.05))
    (fp_line (start -1.65 -0.73) (end 1.65 -0.73) (layer F.CrtYd) (width 0.05))
    (fp_line (start -1.65 0.73) (end -1.65 -0.73) (layer F.CrtYd) (width 0.05))
    (fp_line (start -0.171267 0.51) (end 0.171267 0.51) (layer F.SilkS) (width 0.12))
    (fp_line (start -0.171267 -0.51) (end 0.171267 -0.51) (layer F.SilkS) (width 0.12))
    (fp_line (start 0.8 0.4) (end -0.8 0.4) (layer F.Fab) (width 0.1))
    (fp_line (start 0.8 -0.4) (end 0.8 0.4) (layer F.Fab) (width 0.1))
    (fp_line (start -0.8 -0.4) (end 0.8 -0.4) (layer F.Fab) (width 0.1))
    (fp_line (start -0.8 0.4) (end -0.8 -0.4) (layer F.Fab) (width 0.1))
    (pad 2 smd roundrect (at 0.875 0) (size 1.05 0.95) (layers F.Cu F.Paste F.Mask) (roundrect_rratio 0.25)
      (net 3 GND))
    (pad 1 smd roundrect (at -0.875 0) (size 1.05 0.95) (layers F.Cu F.Paste F.Mask) (roundrect_rratio 0.25)
      (net 120 /V+Log))
    (model ${KISYS3DMOD}/Capacitor_SMD.3dshapes/C_0603_1608Metric.wrl
      (at (xyz 0 0 0))
      (scale (xyz 1 1 1))
      (rotate (xyz 0 0 0))
    )
  )

  (module Capacitor_SMD:C_0603_1608Metric_Pad1.05x0.95mm_HandSolder (layer F.Cu) (tedit 5B301BBE) (tstamp 5BD2A825)
    (at 95.504 100.584)
    (descr "Capacitor SMD 0603 (1608 Metric), square (rectangular) end terminal, IPC_7351 nominal with elongated pad for handsoldering. (Body size source: http://www.tortai-tech.com/upload/download/2011102023233369053.pdf), generated with kicad-footprint-generator")
    (tags "capacitor handsolder")
    (path /5BCA7C2A)
    (attr smd)
    (fp_text reference C5 (at 0 -1.43) (layer F.SilkS)
      (effects (font (size 1 1) (thickness 0.15)))
    )
    (fp_text value 10u (at 0 1.43) (layer F.Fab)
      (effects (font (size 1 1) (thickness 0.15)))
    )
    (fp_line (start -0.8 0.4) (end -0.8 -0.4) (layer F.Fab) (width 0.1))
    (fp_line (start -0.8 -0.4) (end 0.8 -0.4) (layer F.Fab) (width 0.1))
    (fp_line (start 0.8 -0.4) (end 0.8 0.4) (layer F.Fab) (width 0.1))
    (fp_line (start 0.8 0.4) (end -0.8 0.4) (layer F.Fab) (width 0.1))
    (fp_line (start -0.171267 -0.51) (end 0.171267 -0.51) (layer F.SilkS) (width 0.12))
    (fp_line (start -0.171267 0.51) (end 0.171267 0.51) (layer F.SilkS) (width 0.12))
    (fp_line (start -1.65 0.73) (end -1.65 -0.73) (layer F.CrtYd) (width 0.05))
    (fp_line (start -1.65 -0.73) (end 1.65 -0.73) (layer F.CrtYd) (width 0.05))
    (fp_line (start 1.65 -0.73) (end 1.65 0.73) (layer F.CrtYd) (width 0.05))
    (fp_line (start 1.65 0.73) (end -1.65 0.73) (layer F.CrtYd) (width 0.05))
    (fp_text user %R (at 0 0) (layer F.Fab)
      (effects (font (size 0.4 0.4) (thickness 0.06)))
    )
    (pad 1 smd roundrect (at -0.875 0) (size 1.05 0.95) (layers F.Cu F.Paste F.Mask) (roundrect_rratio 0.25)
      (net 3 GND))
    (pad 2 smd roundrect (at 0.875 0) (size 1.05 0.95) (layers F.Cu F.Paste F.Mask) (roundrect_rratio 0.25)
      (net 32 Logic_3.3V))
    (model ${KISYS3DMOD}/Capacitor_SMD.3dshapes/C_0603_1608Metric.wrl
      (at (xyz 0 0 0))
      (scale (xyz 1 1 1))
      (rotate (xyz 0 0 0))
    )
  )

  (module Capacitor_SMD:C_0603_1608Metric_Pad1.05x0.95mm_HandSolder (layer F.Cu) (tedit 5B301BBE) (tstamp 5BD2A8B5)
    (at 95.504 95.504)
    (descr "Capacitor SMD 0603 (1608 Metric), square (rectangular) end terminal, IPC_7351 nominal with elongated pad for handsoldering. (Body size source: http://www.tortai-tech.com/upload/download/2011102023233369053.pdf), generated with kicad-footprint-generator")
    (tags "capacitor handsolder")
    (path /5BCA6E9A)
    (attr smd)
    (fp_text reference C6 (at 0 -1.43) (layer F.SilkS)
      (effects (font (size 1 1) (thickness 0.15)))
    )
    (fp_text value 10u (at 0 1.43) (layer F.Fab)
      (effects (font (size 1 1) (thickness 0.15)))
    )
    (fp_text user %R (at 0 0) (layer F.Fab)
      (effects (font (size 0.4 0.4) (thickness 0.06)))
    )
    (fp_line (start 1.65 0.73) (end -1.65 0.73) (layer F.CrtYd) (width 0.05))
    (fp_line (start 1.65 -0.73) (end 1.65 0.73) (layer F.CrtYd) (width 0.05))
    (fp_line (start -1.65 -0.73) (end 1.65 -0.73) (layer F.CrtYd) (width 0.05))
    (fp_line (start -1.65 0.73) (end -1.65 -0.73) (layer F.CrtYd) (width 0.05))
    (fp_line (start -0.171267 0.51) (end 0.171267 0.51) (layer F.SilkS) (width 0.12))
    (fp_line (start -0.171267 -0.51) (end 0.171267 -0.51) (layer F.SilkS) (width 0.12))
    (fp_line (start 0.8 0.4) (end -0.8 0.4) (layer F.Fab) (width 0.1))
    (fp_line (start 0.8 -0.4) (end 0.8 0.4) (layer F.Fab) (width 0.1))
    (fp_line (start -0.8 -0.4) (end 0.8 -0.4) (layer F.Fab) (width 0.1))
    (fp_line (start -0.8 0.4) (end -0.8 -0.4) (layer F.Fab) (width 0.1))
    (pad 2 smd roundrect (at 0.875 0) (size 1.05 0.95) (layers F.Cu F.Paste F.Mask) (roundrect_rratio 0.25)
      (net 3 GND))
    (pad 1 smd roundrect (at -0.875 0) (size 1.05 0.95) (layers F.Cu F.Paste F.Mask) (roundrect_rratio 0.25)
      (net 80 VCC_12V))
    (model ${KISYS3DMOD}/Capacitor_SMD.3dshapes/C_0603_1608Metric.wrl
      (at (xyz 0 0 0))
      (scale (xyz 1 1 1))
      (rotate (xyz 0 0 0))
    )
  )

  (module Capacitor_SMD:C_0603_1608Metric_Pad1.05x0.95mm_HandSolder (layer F.Cu) (tedit 5B301BBE) (tstamp 5BDE5506)
    (at 129.1336 108.1786 270)
    (descr "Capacitor SMD 0603 (1608 Metric), square (rectangular) end terminal, IPC_7351 nominal with elongated pad for handsoldering. (Body size source: http://www.tortai-tech.com/upload/download/2011102023233369053.pdf), generated with kicad-footprint-generator")
    (tags "capacitor handsolder")
    (path /5CA6FA04)
    (attr smd)
    (fp_text reference C11 (at 0 -1.43 270) (layer F.SilkS)
      (effects (font (size 1 1) (thickness 0.15)))
    )
    (fp_text value .1uF (at 0 1.43 270) (layer F.Fab)
      (effects (font (size 1 1) (thickness 0.15)))
    )
    (fp_line (start -0.8 0.4) (end -0.8 -0.4) (layer F.Fab) (width 0.1))
    (fp_line (start -0.8 -0.4) (end 0.8 -0.4) (layer F.Fab) (width 0.1))
    (fp_line (start 0.8 -0.4) (end 0.8 0.4) (layer F.Fab) (width 0.1))
    (fp_line (start 0.8 0.4) (end -0.8 0.4) (layer F.Fab) (width 0.1))
    (fp_line (start -0.171267 -0.51) (end 0.171267 -0.51) (layer F.SilkS) (width 0.12))
    (fp_line (start -0.171267 0.51) (end 0.171267 0.51) (layer F.SilkS) (width 0.12))
    (fp_line (start -1.65 0.73) (end -1.65 -0.73) (layer F.CrtYd) (width 0.05))
    (fp_line (start -1.65 -0.73) (end 1.65 -0.73) (layer F.CrtYd) (width 0.05))
    (fp_line (start 1.65 -0.73) (end 1.65 0.73) (layer F.CrtYd) (width 0.05))
    (fp_line (start 1.65 0.73) (end -1.65 0.73) (layer F.CrtYd) (width 0.05))
    (fp_text user %R (at 0 0 270) (layer F.Fab)
      (effects (font (size 0.4 0.4) (thickness 0.06)))
    )
    (pad 1 smd roundrect (at -0.875 0 270) (size 1.05 0.95) (layers F.Cu F.Paste F.Mask) (roundrect_rratio 0.25)
      (net 73 "Net-(C11-Pad1)"))
    (pad 2 smd roundrect (at 0.875 0 270) (size 1.05 0.95) (layers F.Cu F.Paste F.Mask) (roundrect_rratio 0.25)
      (net 74 "Net-(C11-Pad2)"))
    (model ${KISYS3DMOD}/Capacitor_SMD.3dshapes/C_0603_1608Metric.wrl
      (at (xyz 0 0 0))
      (scale (xyz 1 1 1))
      (rotate (xyz 0 0 0))
    )
  )

  (module Capacitor_SMD:C_0603_1608Metric_Pad1.05x0.95mm_HandSolder (layer F.Cu) (tedit 5B301BBE) (tstamp 5BDE0B3C)
    (at 129.1844 104.0638 270)
    (descr "Capacitor SMD 0603 (1608 Metric), square (rectangular) end terminal, IPC_7351 nominal with elongated pad for handsoldering. (Body size source: http://www.tortai-tech.com/upload/download/2011102023233369053.pdf), generated with kicad-footprint-generator")
    (tags "capacitor handsolder")
    (path /5C9225CC)
    (attr smd)
    (fp_text reference C10 (at 0 -1.43 270) (layer F.SilkS)
      (effects (font (size 1 1) (thickness 0.15)))
    )
    (fp_text value .1uF (at 0 1.43 270) (layer F.Fab)
      (effects (font (size 1 1) (thickness 0.15)))
    )
    (fp_text user %R (at 0 0 270) (layer F.Fab)
      (effects (font (size 0.4 0.4) (thickness 0.06)))
    )
    (fp_line (start 1.65 0.73) (end -1.65 0.73) (layer F.CrtYd) (width 0.05))
    (fp_line (start 1.65 -0.73) (end 1.65 0.73) (layer F.CrtYd) (width 0.05))
    (fp_line (start -1.65 -0.73) (end 1.65 -0.73) (layer F.CrtYd) (width 0.05))
    (fp_line (start -1.65 0.73) (end -1.65 -0.73) (layer F.CrtYd) (width 0.05))
    (fp_line (start -0.171267 0.51) (end 0.171267 0.51) (layer F.SilkS) (width 0.12))
    (fp_line (start -0.171267 -0.51) (end 0.171267 -0.51) (layer F.SilkS) (width 0.12))
    (fp_line (start 0.8 0.4) (end -0.8 0.4) (layer F.Fab) (width 0.1))
    (fp_line (start 0.8 -0.4) (end 0.8 0.4) (layer F.Fab) (width 0.1))
    (fp_line (start -0.8 -0.4) (end 0.8 -0.4) (layer F.Fab) (width 0.1))
    (fp_line (start -0.8 0.4) (end -0.8 -0.4) (layer F.Fab) (width 0.1))
    (pad 2 smd roundrect (at 0.875 0 270) (size 1.05 0.95) (layers F.Cu F.Paste F.Mask) (roundrect_rratio 0.25)
      (net 72 "Net-(C10-Pad2)"))
    (pad 1 smd roundrect (at -0.875 0 270) (size 1.05 0.95) (layers F.Cu F.Paste F.Mask) (roundrect_rratio 0.25)
      (net 70 "Net-(C10-Pad1)"))
    (model ${KISYS3DMOD}/Capacitor_SMD.3dshapes/C_0603_1608Metric.wrl
      (at (xyz 0 0 0))
      (scale (xyz 1 1 1))
      (rotate (xyz 0 0 0))
    )
  )

  (module Capacitor_SMD:C_0603_1608Metric_Pad1.05x0.95mm_HandSolder (layer F.Cu) (tedit 5B301BBE) (tstamp 5BDE95D7)
    (at 95.504 85.598)
    (descr "Capacitor SMD 0603 (1608 Metric), square (rectangular) end terminal, IPC_7351 nominal with elongated pad for handsoldering. (Body size source: http://www.tortai-tech.com/upload/download/2011102023233369053.pdf), generated with kicad-footprint-generator")
    (tags "capacitor handsolder")
    (path /5BCA6EF1)
    (attr smd)
    (fp_text reference C9 (at 0 -1.43) (layer F.SilkS)
      (effects (font (size 1 1) (thickness 0.15)))
    )
    (fp_text value 10u (at 0 1.43) (layer F.Fab)
      (effects (font (size 1 1) (thickness 0.15)))
    )
    (fp_line (start -0.8 0.4) (end -0.8 -0.4) (layer F.Fab) (width 0.1))
    (fp_line (start -0.8 -0.4) (end 0.8 -0.4) (layer F.Fab) (width 0.1))
    (fp_line (start 0.8 -0.4) (end 0.8 0.4) (layer F.Fab) (width 0.1))
    (fp_line (start 0.8 0.4) (end -0.8 0.4) (layer F.Fab) (width 0.1))
    (fp_line (start -0.171267 -0.51) (end 0.171267 -0.51) (layer F.SilkS) (width 0.12))
    (fp_line (start -0.171267 0.51) (end 0.171267 0.51) (layer F.SilkS) (width 0.12))
    (fp_line (start -1.65 0.73) (end -1.65 -0.73) (layer F.CrtYd) (width 0.05))
    (fp_line (start -1.65 -0.73) (end 1.65 -0.73) (layer F.CrtYd) (width 0.05))
    (fp_line (start 1.65 -0.73) (end 1.65 0.73) (layer F.CrtYd) (width 0.05))
    (fp_line (start 1.65 0.73) (end -1.65 0.73) (layer F.CrtYd) (width 0.05))
    (fp_text user %R (at 0 0) (layer F.Fab)
      (effects (font (size 0.4 0.4) (thickness 0.06)))
    )
    (pad 1 smd roundrect (at -0.875 0) (size 1.05 0.95) (layers F.Cu F.Paste F.Mask) (roundrect_rratio 0.25)
      (net 80 VCC_12V))
    (pad 2 smd roundrect (at 0.875 0) (size 1.05 0.95) (layers F.Cu F.Paste F.Mask) (roundrect_rratio 0.25)
      (net 3 GND))
    (model ${KISYS3DMOD}/Capacitor_SMD.3dshapes/C_0603_1608Metric.wrl
      (at (xyz 0 0 0))
      (scale (xyz 1 1 1))
      (rotate (xyz 0 0 0))
    )
  )

  (module Capacitor_SMD:C_0603_1608Metric_Pad1.05x0.95mm_HandSolder (layer F.Cu) (tedit 5B301BBE) (tstamp 5BD2AAB9)
    (at 95.504 90.424)
    (descr "Capacitor SMD 0603 (1608 Metric), square (rectangular) end terminal, IPC_7351 nominal with elongated pad for handsoldering. (Body size source: http://www.tortai-tech.com/upload/download/2011102023233369053.pdf), generated with kicad-footprint-generator")
    (tags "capacitor handsolder")
    (path /5BCA6EB8)
    (attr smd)
    (fp_text reference C7 (at 0 -1.43) (layer F.SilkS)
      (effects (font (size 1 1) (thickness 0.15)))
    )
    (fp_text value 10u (at 0 1.43) (layer F.Fab)
      (effects (font (size 1 1) (thickness 0.15)))
    )
    (fp_text user %R (at 0 0) (layer F.Fab)
      (effects (font (size 0.4 0.4) (thickness 0.06)))
    )
    (fp_line (start 1.65 0.73) (end -1.65 0.73) (layer F.CrtYd) (width 0.05))
    (fp_line (start 1.65 -0.73) (end 1.65 0.73) (layer F.CrtYd) (width 0.05))
    (fp_line (start -1.65 -0.73) (end 1.65 -0.73) (layer F.CrtYd) (width 0.05))
    (fp_line (start -1.65 0.73) (end -1.65 -0.73) (layer F.CrtYd) (width 0.05))
    (fp_line (start -0.171267 0.51) (end 0.171267 0.51) (layer F.SilkS) (width 0.12))
    (fp_line (start -0.171267 -0.51) (end 0.171267 -0.51) (layer F.SilkS) (width 0.12))
    (fp_line (start 0.8 0.4) (end -0.8 0.4) (layer F.Fab) (width 0.1))
    (fp_line (start 0.8 -0.4) (end 0.8 0.4) (layer F.Fab) (width 0.1))
    (fp_line (start -0.8 -0.4) (end 0.8 -0.4) (layer F.Fab) (width 0.1))
    (fp_line (start -0.8 0.4) (end -0.8 -0.4) (layer F.Fab) (width 0.1))
    (pad 2 smd roundrect (at 0.875 0) (size 1.05 0.95) (layers F.Cu F.Paste F.Mask) (roundrect_rratio 0.25)
      (net 3 GND))
    (pad 1 smd roundrect (at -0.875 0) (size 1.05 0.95) (layers F.Cu F.Paste F.Mask) (roundrect_rratio 0.25)
      (net 80 VCC_12V))
    (model ${KISYS3DMOD}/Capacitor_SMD.3dshapes/C_0603_1608Metric.wrl
      (at (xyz 0 0 0))
      (scale (xyz 1 1 1))
      (rotate (xyz 0 0 0))
    )
  )

  (module Capacitor_SMD:C_0603_1608Metric_Pad1.05x0.95mm_HandSolder (layer F.Cu) (tedit 5B301BBE) (tstamp 5BD2A885)
    (at 101.6 85.598)
    (descr "Capacitor SMD 0603 (1608 Metric), square (rectangular) end terminal, IPC_7351 nominal with elongated pad for handsoldering. (Body size source: http://www.tortai-tech.com/upload/download/2011102023233369053.pdf), generated with kicad-footprint-generator")
    (tags "capacitor handsolder")
    (path /5BCA6ED5)
    (attr smd)
    (fp_text reference C8 (at 0 -1.43) (layer F.SilkS)
      (effects (font (size 1 1) (thickness 0.15)))
    )
    (fp_text value 10u (at 0 1.43) (layer F.Fab)
      (effects (font (size 1 1) (thickness 0.15)))
    )
    (fp_line (start -0.8 0.4) (end -0.8 -0.4) (layer F.Fab) (width 0.1))
    (fp_line (start -0.8 -0.4) (end 0.8 -0.4) (layer F.Fab) (width 0.1))
    (fp_line (start 0.8 -0.4) (end 0.8 0.4) (layer F.Fab) (width 0.1))
    (fp_line (start 0.8 0.4) (end -0.8 0.4) (layer F.Fab) (width 0.1))
    (fp_line (start -0.171267 -0.51) (end 0.171267 -0.51) (layer F.SilkS) (width 0.12))
    (fp_line (start -0.171267 0.51) (end 0.171267 0.51) (layer F.SilkS) (width 0.12))
    (fp_line (start -1.65 0.73) (end -1.65 -0.73) (layer F.CrtYd) (width 0.05))
    (fp_line (start -1.65 -0.73) (end 1.65 -0.73) (layer F.CrtYd) (width 0.05))
    (fp_line (start 1.65 -0.73) (end 1.65 0.73) (layer F.CrtYd) (width 0.05))
    (fp_line (start 1.65 0.73) (end -1.65 0.73) (layer F.CrtYd) (width 0.05))
    (fp_text user %R (at 0 0) (layer F.Fab)
      (effects (font (size 0.4 0.4) (thickness 0.06)))
    )
    (pad 1 smd roundrect (at -0.875 0) (size 1.05 0.95) (layers F.Cu F.Paste F.Mask) (roundrect_rratio 0.25)
      (net 80 VCC_12V))
    (pad 2 smd roundrect (at 0.875 0) (size 1.05 0.95) (layers F.Cu F.Paste F.Mask) (roundrect_rratio 0.25)
      (net 3 GND))
    (model ${KISYS3DMOD}/Capacitor_SMD.3dshapes/C_0603_1608Metric.wrl
      (at (xyz 0 0 0))
      (scale (xyz 1 1 1))
      (rotate (xyz 0 0 0))
    )
  )

  (module Diode_SMD:D_1206_3216Metric (layer F.Cu) (tedit 5B301BBE) (tstamp 5BD2A947)
    (at 101.6254 103.9368 270)
    (descr "Diode SMD 1206 (3216 Metric), square (rectangular) end terminal, IPC_7351 nominal, (Body size source: http://www.tortai-tech.com/upload/download/2011102023233369053.pdf), generated with kicad-footprint-generator")
    (tags diode)
    (path /5BCAC449)
    (attr smd)
    (fp_text reference D1 (at 0 -1.82 270) (layer F.SilkS)
      (effects (font (size 1 1) (thickness 0.15)))
    )
    (fp_text value LED (at 0 1.82 270) (layer F.Fab)
      (effects (font (size 1 1) (thickness 0.15)))
    )
    (fp_line (start 1.6 -0.8) (end -1.2 -0.8) (layer F.Fab) (width 0.1))
    (fp_line (start -1.2 -0.8) (end -1.6 -0.4) (layer F.Fab) (width 0.1))
    (fp_line (start -1.6 -0.4) (end -1.6 0.8) (layer F.Fab) (width 0.1))
    (fp_line (start -1.6 0.8) (end 1.6 0.8) (layer F.Fab) (width 0.1))
    (fp_line (start 1.6 0.8) (end 1.6 -0.8) (layer F.Fab) (width 0.1))
    (fp_line (start 1.6 -1.135) (end -2.285 -1.135) (layer F.SilkS) (width 0.12))
    (fp_line (start -2.285 -1.135) (end -2.285 1.135) (layer F.SilkS) (width 0.12))
    (fp_line (start -2.285 1.135) (end 1.6 1.135) (layer F.SilkS) (width 0.12))
    (fp_line (start -2.28 1.12) (end -2.28 -1.12) (layer F.CrtYd) (width 0.05))
    (fp_line (start -2.28 -1.12) (end 2.28 -1.12) (layer F.CrtYd) (width 0.05))
    (fp_line (start 2.28 -1.12) (end 2.28 1.12) (layer F.CrtYd) (width 0.05))
    (fp_line (start 2.28 1.12) (end -2.28 1.12) (layer F.CrtYd) (width 0.05))
    (fp_text user %R (at 0 0 270) (layer F.Fab)
      (effects (font (size 0.8 0.8) (thickness 0.12)))
    )
    (pad 1 smd roundrect (at -1.4 0 270) (size 1.25 1.75) (layers F.Cu F.Paste F.Mask) (roundrect_rratio 0.2)
      (net 3 GND))
    (pad 2 smd roundrect (at 1.4 0 270) (size 1.25 1.75) (layers F.Cu F.Paste F.Mask) (roundrect_rratio 0.2)
      (net 33 "Net-(D1-Pad2)"))
    (model ${KISYS3DMOD}/Diode_SMD.3dshapes/D_1206_3216Metric.wrl
      (at (xyz 0 0 0))
      (scale (xyz 1 1 1))
      (rotate (xyz 0 0 0))
    )
  )

  (module MRDT_Connectors:Anderson_2_Horisontal_Side_by_Side (layer F.Cu) (tedit 5AAD70FE) (tstamp 5BD2AA6F)
    (at 122.175 50.0126 270)
    (path /5C0054EB)
    (fp_text reference Conn3 (at -1.8796 0.762 270) (layer F.SilkS) hide
      (effects (font (size 1 1) (thickness 0.15)))
    )
    (fp_text value AndersonPP (at -12.8651 -16.764 270) (layer F.Fab)
      (effects (font (size 1 1) (thickness 0.15)))
    )
    (fp_line (start -12.2936 -15.748) (end 0 -15.748) (layer F.SilkS) (width 0.15))
    (fp_line (start -24.6126 -15.748) (end -16.8656 -15.748) (layer F.SilkS) (width 0.15))
    (fp_line (start -16.8656 0) (end -24.6126 0) (layer F.SilkS) (width 0.15))
    (fp_line (start -12.2936 0) (end 0 0) (layer F.SilkS) (width 0.15))
    (fp_circle (center -14.5796 -7.874) (end -14.5796 -6.731) (layer F.SilkS) (width 0.15))
    (fp_line (start -14.5796 -10.16) (end -14.5796 -13.4366) (layer F.SilkS) (width 0.15))
    (fp_line (start -12.2936 -7.874) (end 0 -7.874) (layer F.SilkS) (width 0.15))
    (fp_line (start -14.5796 -5.588) (end -14.5796 -2.286) (layer F.SilkS) (width 0.15))
    (fp_line (start -12.2936 -7.874) (end -13.4366 -7.874) (layer F.SilkS) (width 0.15))
    (fp_line (start -14.5796 -10.16) (end -14.5796 -9.017) (layer F.SilkS) (width 0.15))
    (fp_line (start -24.6126 -7.8994) (end -15.7226 -7.8994) (layer F.SilkS) (width 0.15))
    (fp_line (start -14.5796 -5.588) (end -14.5796 -6.731) (layer F.SilkS) (width 0.15))
    (fp_line (start -14.5796 -14.605) (end -14.5796 -13.4366) (layer F.SilkS) (width 0.15))
    (fp_line (start -12.319 -15.748) (end -13.4112 -15.748) (layer F.SilkS) (width 0.15))
    (fp_line (start -16.891 0) (end -15.7226 0) (layer F.SilkS) (width 0.15))
    (fp_line (start -14.5796 -2.3114) (end -14.5796 -1.143) (layer F.SilkS) (width 0.15))
    (fp_line (start -12.2682 0) (end -13.462 0) (layer F.SilkS) (width 0.15))
    (fp_arc (start -14.5796 -15.748) (end -14.5796 -14.605) (angle 90) (layer F.SilkS) (width 0.15))
    (fp_arc (start -14.5796 -15.748) (end -13.4366 -15.748) (angle 90) (layer F.SilkS) (width 0.15))
    (fp_line (start -15.7226 -15.748) (end -16.9418 -15.748) (layer F.SilkS) (width 0.15))
    (fp_line (start 0 -15.748) (end 0 0) (layer F.SilkS) (width 0.15))
    (fp_line (start -24.638 -15.748) (end -24.638 0) (layer F.SilkS) (width 0.15))
    (fp_arc (start -14.5796 0) (end -15.6972 0) (angle 90) (layer F.SilkS) (width 0.15))
    (fp_arc (start -14.5796 0) (end -14.5796 -1.1176) (angle 90) (layer F.SilkS) (width 0.15))
    (pad 2 thru_hole circle (at 3.5814 -12.064 270) (size 5.08 5.08) (drill 4.06) (layers *.Cu *.Mask F.Paste)
      (net 112 /Out_B3))
    (pad 1 thru_hole circle (at 3.5814 -4.063 270) (size 5.08 5.08) (drill 4.06) (layers *.Cu *.Mask F.Paste)
      (net 113 /Out_A3))
  )

  (module MRDT_Connectors:Anderson_2_Horisontal_Side_by_Side (layer F.Cu) (tedit 5AAD70FE) (tstamp 5BD2AA18)
    (at 144.653 50.0126 270)
    (path /5C47ACED)
    (fp_text reference Conn4 (at -1.8796 0.762 270) (layer F.SilkS) hide
      (effects (font (size 1 1) (thickness 0.15)))
    )
    (fp_text value AndersonPP (at -12.8651 -16.764 270) (layer F.Fab)
      (effects (font (size 1 1) (thickness 0.15)))
    )
    (fp_arc (start -14.5796 0) (end -14.5796 -1.1176) (angle 90) (layer F.SilkS) (width 0.15))
    (fp_arc (start -14.5796 0) (end -15.6972 0) (angle 90) (layer F.SilkS) (width 0.15))
    (fp_line (start -24.638 -15.748) (end -24.638 0) (layer F.SilkS) (width 0.15))
    (fp_line (start 0 -15.748) (end 0 0) (layer F.SilkS) (width 0.15))
    (fp_line (start -15.7226 -15.748) (end -16.9418 -15.748) (layer F.SilkS) (width 0.15))
    (fp_arc (start -14.5796 -15.748) (end -13.4366 -15.748) (angle 90) (layer F.SilkS) (width 0.15))
    (fp_arc (start -14.5796 -15.748) (end -14.5796 -14.605) (angle 90) (layer F.SilkS) (width 0.15))
